DATASET_NAME: cleveland_nominal_2_0training_data.csv
ENSEMBLE: RF
NB_TREES: 100
NB_FEATURES: 112
NB_CLASSES: 2
MAX_TREE_DEPTH: 3
Format: node / node type (LN - leave node, IN - internal node) left child / right child / feature / threshold / node_depth / majority class (starts with index 0)

[TREE 0]
NB_NODES: 15
0 IN 1 8 81 0.5 0 -1
1 IN 2 5 60 0.5 1 -1
2 IN 3 4 0 0.5 2 -1
3 LN -1 -1 -1 -1 3 1
4 LN -1 -1 -1 -1 3 0
5 IN 6 7 23 0.5 2 -1
6 LN -1 -1 -1 -1 3 0
7 LN -1 -1 -1 -1 3 0
8 IN 9 12 0 0.5 1 -1
9 IN 10 11 4 0.5 2 -1
10 LN -1 -1 -1 -1 3 1
11 LN -1 -1 -1 -1 3 0
12 IN 13 14 21 0.5 2 -1
13 LN -1 -1 -1 -1 3 1
14 LN -1 -1 -1 -1 3 0

[TREE 1]
NB_NODES: 15
0 IN 1 8 29 0.5 0 -1
1 IN 2 5 0 0.5 1 -1
2 IN 3 4 64 0.5 2 -1
3 LN -1 -1 -1 -1 3 1
4 LN -1 -1 -1 -1 3 1
5 IN 6 7 10 0.5 2 -1
6 LN -1 -1 -1 -1 3 1
7 LN -1 -1 -1 -1 3 0
8 IN 9 12 49 0.5 1 -1
9 IN 10 11 30 0.5 2 -1
10 LN -1 -1 -1 -1 3 0
11 LN -1 -1 -1 -1 3 0
12 IN 13 14 92 0.5 2 -1
13 LN -1 -1 -1 -1 3 1
14 LN -1 -1 -1 -1 3 0

[TREE 2]
NB_NODES: 13
0 IN 1 6 78 0.5 0 -1
1 IN 2 5 2 0.5 1 -1
2 IN 3 4 48 0.5 2 -1
3 LN -1 -1 -1 -1 3 1
4 LN -1 -1 -1 -1 3 1
5 LN -1 -1 -1 -1 2 0
6 IN 7 10 98 0.5 1 -1
7 IN 8 9 96 0.5 2 -1
8 LN -1 -1 -1 -1 3 0
9 LN -1 -1 -1 -1 3 0
10 IN 11 12 62 0.5 2 -1
11 LN -1 -1 -1 -1 3 1
12 LN -1 -1 -1 -1 3 0

[TREE 3]
NB_NODES: 15
0 IN 1 8 9 0.5 0 -1
1 IN 2 5 101 0.5 1 -1
2 IN 3 4 76 0.5 2 -1
3 LN -1 -1 -1 -1 3 1
4 LN -1 -1 -1 -1 3 0
5 IN 6 7 97 0.5 2 -1
6 LN -1 -1 -1 -1 3 1
7 LN -1 -1 -1 -1 3 1
8 IN 9 12 47 0.5 1 -1
9 IN 10 11 91 0.5 2 -1
10 LN -1 -1 -1 -1 3 0
11 LN -1 -1 -1 -1 3 0
12 IN 13 14 77 0.5 2 -1
13 LN -1 -1 -1 -1 3 1
14 LN -1 -1 -1 -1 3 0

[TREE 4]
NB_NODES: 15
0 IN 1 8 111 0.5 0 -1
1 IN 2 5 61 0.5 1 -1
2 IN 3 4 39 0.5 2 -1
3 LN -1 -1 -1 -1 3 1
4 LN -1 -1 -1 -1 3 0
5 IN 6 7 0 0.5 2 -1
6 LN -1 -1 -1 -1 3 0
7 LN -1 -1 -1 -1 3 0
8 IN 9 12 1 0.5 1 -1
9 IN 10 11 14 0.5 2 -1
10 LN -1 -1 -1 -1 3 1
11 LN -1 -1 -1 -1 3 0
12 IN 13 14 0 0.5 2 -1
13 LN -1 -1 -1 -1 3 1
14 LN -1 -1 -1 -1 3 0

[TREE 5]
NB_NODES: 13
0 IN 1 8 94 0.5 0 -1
1 IN 2 5 19 0.5 1 -1
2 IN 3 4 1 0.5 2 -1
3 LN -1 -1 -1 -1 3 1
4 LN -1 -1 -1 -1 3 0
5 IN 6 7 28 0.5 2 -1
6 LN -1 -1 -1 -1 3 0
7 LN -1 -1 -1 -1 3 1
8 IN 9 12 22 0.5 1 -1
9 IN 10 11 0 0.5 2 -1
10 LN -1 -1 -1 -1 3 1
11 LN -1 -1 -1 -1 3 1
12 LN -1 -1 -1 -1 2 0

[TREE 6]
NB_NODES: 15
0 IN 1 8 1 0.5 0 -1
1 IN 2 5 15 0.5 1 -1
2 IN 3 4 95 0.5 2 -1
3 LN -1 -1 -1 -1 3 1
4 LN -1 -1 -1 -1 3 1
5 IN 6 7 3 0.5 2 -1
6 LN -1 -1 -1 -1 3 0
7 LN -1 -1 -1 -1 3 0
8 IN 9 12 61 0.5 1 -1
9 IN 10 11 88 0.5 2 -1
10 LN -1 -1 -1 -1 3 1
11 LN -1 -1 -1 -1 3 0
12 IN 13 14 87 0.5 2 -1
13 LN -1 -1 -1 -1 3 0
14 LN -1 -1 -1 -1 3 0

[TREE 7]
NB_NODES: 15
0 IN 1 8 15 0.5 0 -1
1 IN 2 5 29 0.5 1 -1
2 IN 3 4 38 0.5 2 -1
3 LN -1 -1 -1 -1 3 1
4 LN -1 -1 -1 -1 3 1
5 IN 6 7 37 0.5 2 -1
6 LN -1 -1 -1 -1 3 1
7 LN -1 -1 -1 -1 3 0
8 IN 9 12 93 0.5 1 -1
9 IN 10 11 20 0.5 2 -1
10 LN -1 -1 -1 -1 3 0
11 LN -1 -1 -1 -1 3 0
12 IN 13 14 24 0.5 2 -1
13 LN -1 -1 -1 -1 3 0
14 LN -1 -1 -1 -1 3 1

[TREE 8]
NB_NODES: 15
0 IN 1 8 80 0.5 0 -1
1 IN 2 5 19 0.5 1 -1
2 IN 3 4 51 0.5 2 -1
3 LN -1 -1 -1 -1 3 1
4 LN -1 -1 -1 -1 3 0
5 IN 6 7 7 0.5 2 -1
6 LN -1 -1 -1 -1 3 0
7 LN -1 -1 -1 -1 3 0
8 IN 9 12 29 0.5 1 -1
9 IN 10 11 82 0.5 2 -1
10 LN -1 -1 -1 -1 3 1
11 LN -1 -1 -1 -1 3 0
12 IN 13 14 110 0.5 2 -1
13 LN -1 -1 -1 -1 3 0
14 LN -1 -1 -1 -1 3 1

[TREE 9]
NB_NODES: 15
0 IN 1 8 19 0.5 0 -1
1 IN 2 5 69 0.5 1 -1
2 IN 3 4 53 0.5 2 -1
3 LN -1 -1 -1 -1 3 1
4 LN -1 -1 -1 -1 3 0
5 IN 6 7 85 0.5 2 -1
6 LN -1 -1 -1 -1 3 1
7 LN -1 -1 -1 -1 3 1
8 IN 9 12 58 0.5 1 -1
9 IN 10 11 43 0.5 2 -1
10 LN -1 -1 -1 -1 3 1
11 LN -1 -1 -1 -1 3 0
12 IN 13 14 18 0.5 2 -1
13 LN -1 -1 -1 -1 3 0
14 LN -1 -1 -1 -1 3 1

[TREE 10]
NB_NODES: 15
0 IN 1 8 3 0.5 0 -1
1 IN 2 5 60 0.5 1 -1
2 IN 3 4 0 0.5 2 -1
3 LN -1 -1 -1 -1 3 0
4 LN -1 -1 -1 -1 3 0
5 IN 6 7 7 0.5 2 -1
6 LN -1 -1 -1 -1 3 0
7 LN -1 -1 -1 -1 3 0
8 IN 9 12 28 0.5 1 -1
9 IN 10 11 15 0.5 2 -1
10 LN -1 -1 -1 -1 3 1
11 LN -1 -1 -1 -1 3 0
12 IN 13 14 39 0.5 2 -1
13 LN -1 -1 -1 -1 3 1
14 LN -1 -1 -1 -1 3 0

[TREE 11]
NB_NODES: 15
0 IN 1 8 94 0.5 0 -1
1 IN 2 5 46 0.5 1 -1
2 IN 3 4 45 0.5 2 -1
3 LN -1 -1 -1 -1 3 1
4 LN -1 -1 -1 -1 3 0
5 IN 6 7 45 0.5 2 -1
6 LN -1 -1 -1 -1 3 0
7 LN -1 -1 -1 -1 3 0
8 IN 9 12 1 0.5 1 -1
9 IN 10 11 0 0.5 2 -1
10 LN -1 -1 -1 -1 3 1
11 LN -1 -1 -1 -1 3 1
12 IN 13 14 107 0.5 2 -1
13 LN -1 -1 -1 -1 3 1
14 LN -1 -1 -1 -1 3 0

[TREE 12]
NB_NODES: 15
0 IN 1 8 1 0.5 0 -1
1 IN 2 5 103 0.5 1 -1
2 IN 3 4 50 0.5 2 -1
3 LN -1 -1 -1 -1 3 1
4 LN -1 -1 -1 -1 3 0
5 IN 6 7 0 0.5 2 -1
6 LN -1 -1 -1 -1 3 1
7 LN -1 -1 -1 -1 3 1
8 IN 9 12 20 0.5 1 -1
9 IN 10 11 67 0.5 2 -1
10 LN -1 -1 -1 -1 3 0
11 LN -1 -1 -1 -1 3 1
12 IN 13 14 74 0.5 2 -1
13 LN -1 -1 -1 -1 3 1
14 LN -1 -1 -1 -1 3 0

[TREE 13]
NB_NODES: 15
0 IN 1 8 36 0.5 0 -1
1 IN 2 5 17 0.5 1 -1
2 IN 3 4 73 0.5 2 -1
3 LN -1 -1 -1 -1 3 1
4 LN -1 -1 -1 -1 3 1
5 IN 6 7 3 0.5 2 -1
6 LN -1 -1 -1 -1 3 0
7 LN -1 -1 -1 -1 3 0
8 IN 9 12 0 0.5 1 -1
9 IN 10 11 1 0.5 2 -1
10 LN -1 -1 -1 -1 3 1
11 LN -1 -1 -1 -1 3 1
12 IN 13 14 10 0.5 2 -1
13 LN -1 -1 -1 -1 3 1
14 LN -1 -1 -1 -1 3 0

[TREE 14]
NB_NODES: 15
0 IN 1 8 106 0.5 0 -1
1 IN 2 5 26 0.5 1 -1
2 IN 3 4 78 0.5 2 -1
3 LN -1 -1 -1 -1 3 1
4 LN -1 -1 -1 -1 3 1
5 IN 6 7 101 0.5 2 -1
6 LN -1 -1 -1 -1 3 0
7 LN -1 -1 -1 -1 3 1
8 IN 9 12 49 0.5 1 -1
9 IN 10 11 90 0.5 2 -1
10 LN -1 -1 -1 -1 3 0
11 LN -1 -1 -1 -1 3 0
12 IN 13 14 110 0.5 2 -1
13 LN -1 -1 -1 -1 3 1
14 LN -1 -1 -1 -1 3 0

[TREE 15]
NB_NODES: 13
0 IN 1 6 68 0.5 0 -1
1 IN 2 5 102 0.5 1 -1
2 IN 3 4 28 0.5 2 -1
3 LN -1 -1 -1 -1 3 0
4 LN -1 -1 -1 -1 3 1
5 LN -1 -1 -1 -1 2 1
6 IN 7 10 49 0.5 1 -1
7 IN 8 9 27 0.5 2 -1
8 LN -1 -1 -1 -1 3 0
9 LN -1 -1 -1 -1 3 0
10 IN 11 12 66 0.5 2 -1
11 LN -1 -1 -1 -1 3 1
12 LN -1 -1 -1 -1 3 0

[TREE 16]
NB_NODES: 15
0 IN 1 8 1 0.5 0 -1
1 IN 2 5 103 0.5 1 -1
2 IN 3 4 20 0.5 2 -1
3 LN -1 -1 -1 -1 3 0
4 LN -1 -1 -1 -1 3 1
5 IN 6 7 30 0.5 2 -1
6 LN -1 -1 -1 -1 3 1
7 LN -1 -1 -1 -1 3 0
8 IN 9 12 104 0.5 1 -1
9 IN 10 11 65 0.5 2 -1
10 LN -1 -1 -1 -1 3 0
11 LN -1 -1 -1 -1 3 0
12 IN 13 14 46 0.5 2 -1
13 LN -1 -1 -1 -1 3 0
14 LN -1 -1 -1 -1 3 0

[TREE 17]
NB_NODES: 13
0 IN 1 6 54 0.5 0 -1
1 IN 2 5 83 0.5 1 -1
2 IN 3 4 55 0.5 2 -1
3 LN -1 -1 -1 -1 3 1
4 LN -1 -1 -1 -1 3 0
5 LN -1 -1 -1 -1 2 1
6 IN 7 10 19 0.5 1 -1
7 IN 8 9 3 0.5 2 -1
8 LN -1 -1 -1 -1 3 0
9 LN -1 -1 -1 -1 3 1
10 IN 11 12 65 0.5 2 -1
11 LN -1 -1 -1 -1 3 0
12 LN -1 -1 -1 -1 3 0

[TREE 18]
NB_NODES: 15
0 IN 1 8 28 0.5 0 -1
1 IN 2 5 94 0.5 1 -1
2 IN 3 4 54 0.5 2 -1
3 LN -1 -1 -1 -1 3 0
4 LN -1 -1 -1 -1 3 0
5 IN 6 7 47 0.5 2 -1
6 LN -1 -1 -1 -1 3 1
7 LN -1 -1 -1 -1 3 0
8 IN 9 12 19 0.5 1 -1
9 IN 10 11 74 0.5 2 -1
10 LN -1 -1 -1 -1 3 1
11 LN -1 -1 -1 -1 3 1
12 IN 13 14 100 0.5 2 -1
13 LN -1 -1 -1 -1 3 0
14 LN -1 -1 -1 -1 3 0

[TREE 19]
NB_NODES: 15
0 IN 1 8 78 0.5 0 -1
1 IN 2 5 37 0.5 1 -1
2 IN 3 4 5 0.5 2 -1
3 LN -1 -1 -1 -1 3 0
4 LN -1 -1 -1 -1 3 1
5 IN 6 7 110 0.5 2 -1
6 LN -1 -1 -1 -1 3 1
7 LN -1 -1 -1 -1 3 0
8 IN 9 12 7 0.5 1 -1
9 IN 10 11 34 0.5 2 -1
10 LN -1 -1 -1 -1 3 0
11 LN -1 -1 -1 -1 3 1
12 IN 13 14 52 0.5 2 -1
13 LN -1 -1 -1 -1 3 0
14 LN -1 -1 -1 -1 3 0

[TREE 20]
NB_NODES: 15
0 IN 1 8 70 0.5 0 -1
1 IN 2 5 73 0.5 1 -1
2 IN 3 4 32 0.5 2 -1
3 LN -1 -1 -1 -1 3 0
4 LN -1 -1 -1 -1 3 1
5 IN 6 7 31 0.5 2 -1
6 LN -1 -1 -1 -1 3 0
7 LN -1 -1 -1 -1 3 0
8 IN 9 12 29 0.5 1 -1
9 IN 10 11 91 0.5 2 -1
10 LN -1 -1 -1 -1 3 1
11 LN -1 -1 -1 -1 3 1
12 IN 13 14 99 0.5 2 -1
13 LN -1 -1 -1 -1 3 1
14 LN -1 -1 -1 -1 3 0

[TREE 21]
NB_NODES: 15
0 IN 1 8 59 0.5 0 -1
1 IN 2 5 55 0.5 1 -1
2 IN 3 4 93 0.5 2 -1
3 LN -1 -1 -1 -1 3 1
4 LN -1 -1 -1 -1 3 0
5 IN 6 7 28 0.5 2 -1
6 LN -1 -1 -1 -1 3 0
7 LN -1 -1 -1 -1 3 0
8 IN 9 12 51 0.5 1 -1
9 IN 10 11 1 0.5 2 -1
10 LN -1 -1 -1 -1 3 1
11 LN -1 -1 -1 -1 3 0
12 IN 13 14 58 0.5 2 -1
13 LN -1 -1 -1 -1 3 1
14 LN -1 -1 -1 -1 3 0

[TREE 22]
NB_NODES: 15
0 IN 1 8 28 0.5 0 -1
1 IN 2 5 7 0.5 1 -1
2 IN 3 4 1 0.5 2 -1
3 LN -1 -1 -1 -1 3 1
4 LN -1 -1 -1 -1 3 0
5 IN 6 7 62 0.5 2 -1
6 LN -1 -1 -1 -1 3 0
7 LN -1 -1 -1 -1 3 0
8 IN 9 12 97 0.5 1 -1
9 IN 10 11 102 0.5 2 -1
10 LN -1 -1 -1 -1 3 1
11 LN -1 -1 -1 -1 3 1
12 IN 13 14 8 0.5 2 -1
13 LN -1 -1 -1 -1 3 1
14 LN -1 -1 -1 -1 3 0

[TREE 23]
NB_NODES: 15
0 IN 1 8 46 0.5 0 -1
1 IN 2 5 27 0.5 1 -1
2 IN 3 4 39 0.5 2 -1
3 LN -1 -1 -1 -1 3 1
4 LN -1 -1 -1 -1 3 0
5 IN 6 7 85 0.5 2 -1
6 LN -1 -1 -1 -1 3 1
7 LN -1 -1 -1 -1 3 0
8 IN 9 12 72 0.5 1 -1
9 IN 10 11 111 0.5 2 -1
10 LN -1 -1 -1 -1 3 0
11 LN -1 -1 -1 -1 3 1
12 IN 13 14 71 0.5 2 -1
13 LN -1 -1 -1 -1 3 0
14 LN -1 -1 -1 -1 3 0

[TREE 24]
NB_NODES: 15
0 IN 1 8 15 0.5 0 -1
1 IN 2 5 42 0.5 1 -1
2 IN 3 4 104 0.5 2 -1
3 LN -1 -1 -1 -1 3 1
4 LN -1 -1 -1 -1 3 1
5 IN 6 7 100 0.5 2 -1
6 LN -1 -1 -1 -1 3 1
7 LN -1 -1 -1 -1 3 0
8 IN 9 12 0 0.5 1 -1
9 IN 10 11 37 0.5 2 -1
10 LN -1 -1 -1 -1 3 0
11 LN -1 -1 -1 -1 3 1
12 IN 13 14 53 0.5 2 -1
13 LN -1 -1 -1 -1 3 0
14 LN -1 -1 -1 -1 3 0

[TREE 25]
NB_NODES: 15
0 IN 1 8 79 0.5 0 -1
1 IN 2 5 39 0.5 1 -1
2 IN 3 4 17 0.5 2 -1
3 LN -1 -1 -1 -1 3 1
4 LN -1 -1 -1 -1 3 1
5 IN 6 7 9 0.5 2 -1
6 LN -1 -1 -1 -1 3 0
7 LN -1 -1 -1 -1 3 0
8 IN 9 12 56 0.5 1 -1
9 IN 10 11 78 0.5 2 -1
10 LN -1 -1 -1 -1 3 1
11 LN -1 -1 -1 -1 3 0
12 IN 13 14 7 0.5 2 -1
13 LN -1 -1 -1 -1 3 1
14 LN -1 -1 -1 -1 3 0

[TREE 26]
NB_NODES: 15
0 IN 1 8 93 0.5 0 -1
1 IN 2 5 18 0.5 1 -1
2 IN 3 4 20 0.5 2 -1
3 LN -1 -1 -1 -1 3 0
4 LN -1 -1 -1 -1 3 0
5 IN 6 7 100 0.5 2 -1
6 LN -1 -1 -1 -1 3 1
7 LN -1 -1 -1 -1 3 0
8 IN 9 12 110 0.5 1 -1
9 IN 10 11 97 0.5 2 -1
10 LN -1 -1 -1 -1 3 1
11 LN -1 -1 -1 -1 3 1
12 IN 13 14 74 0.5 2 -1
13 LN -1 -1 -1 -1 3 1
14 LN -1 -1 -1 -1 3 0

[TREE 27]
NB_NODES: 15
0 IN 1 8 98 0.5 0 -1
1 IN 2 5 51 0.5 1 -1
2 IN 3 4 5 0.5 2 -1
3 LN -1 -1 -1 -1 3 1
4 LN -1 -1 -1 -1 3 0
5 IN 6 7 12 0.5 2 -1
6 LN -1 -1 -1 -1 3 0
7 LN -1 -1 -1 -1 3 0
8 IN 9 12 1 0.5 1 -1
9 IN 10 11 20 0.5 2 -1
10 LN -1 -1 -1 -1 3 1
11 LN -1 -1 -1 -1 3 1
12 IN 13 14 52 0.5 2 -1
13 LN -1 -1 -1 -1 3 1
14 LN -1 -1 -1 -1 3 0

[TREE 28]
NB_NODES: 15
0 IN 1 8 10 0.5 0 -1
1 IN 2 5 90 0.5 1 -1
2 IN 3 4 25 0.5 2 -1
3 LN -1 -1 -1 -1 3 1
4 LN -1 -1 -1 -1 3 0
5 IN 6 7 75 0.5 2 -1
6 LN -1 -1 -1 -1 3 1
7 LN -1 -1 -1 -1 3 0
8 IN 9 12 7 0.5 1 -1
9 IN 10 11 34 0.5 2 -1
10 LN -1 -1 -1 -1 3 0
11 LN -1 -1 -1 -1 3 1
12 IN 13 14 18 0.5 2 -1
13 LN -1 -1 -1 -1 3 0
14 LN -1 -1 -1 -1 3 0

[TREE 29]
NB_NODES: 13
0 IN 1 6 28 0.5 0 -1
1 IN 2 5 51 0.5 1 -1
2 IN 3 4 7 0.5 2 -1
3 LN -1 -1 -1 -1 3 1
4 LN -1 -1 -1 -1 3 0
5 LN -1 -1 -1 -1 2 0
6 IN 7 10 103 0.5 1 -1
7 IN 8 9 18 0.5 2 -1
8 LN -1 -1 -1 -1 3 0
9 LN -1 -1 -1 -1 3 1
10 IN 11 12 33 0.5 2 -1
11 LN -1 -1 -1 -1 3 1
12 LN -1 -1 -1 -1 3 1

[TREE 30]
NB_NODES: 15
0 IN 1 8 16 0.5 0 -1
1 IN 2 5 27 0.5 1 -1
2 IN 3 4 57 0.5 2 -1
3 LN -1 -1 -1 -1 3 1
4 LN -1 -1 -1 -1 3 0
5 IN 6 7 0 0.5 2 -1
6 LN -1 -1 -1 -1 3 1
7 LN -1 -1 -1 -1 3 0
8 IN 9 12 85 0.5 1 -1
9 IN 10 11 110 0.5 2 -1
10 LN -1 -1 -1 -1 3 1
11 LN -1 -1 -1 -1 3 0
12 IN 13 14 63 0.5 2 -1
13 LN -1 -1 -1 -1 3 0
14 LN -1 -1 -1 -1 3 1

[TREE 31]
NB_NODES: 13
0 IN 1 6 80 0.5 0 -1
1 IN 2 5 51 0.5 1 -1
2 IN 3 4 78 0.5 2 -1
3 LN -1 -1 -1 -1 3 1
4 LN -1 -1 -1 -1 3 0
5 LN -1 -1 -1 -1 2 0
6 IN 7 10 69 0.5 1 -1
7 IN 8 9 107 0.5 2 -1
8 LN -1 -1 -1 -1 3 0
9 LN -1 -1 -1 -1 3 1
10 IN 11 12 48 0.5 2 -1
11 LN -1 -1 -1 -1 3 1
12 LN -1 -1 -1 -1 3 1

[TREE 32]
NB_NODES: 15
0 IN 1 8 51 0.5 0 -1
1 IN 2 5 81 0.5 1 -1
2 IN 3 4 15 0.5 2 -1
3 LN -1 -1 -1 -1 3 1
4 LN -1 -1 -1 -1 3 0
5 IN 6 7 17 0.5 2 -1
6 LN -1 -1 -1 -1 3 1
7 LN -1 -1 -1 -1 3 1
8 IN 9 12 22 0.5 1 -1
9 IN 10 11 45 0.5 2 -1
10 LN -1 -1 -1 -1 3 0
11 LN -1 -1 -1 -1 3 0
12 IN 13 14 29 0.5 2 -1
13 LN -1 -1 -1 -1 3 0
14 LN -1 -1 -1 -1 3 1

[TREE 33]
NB_NODES: 13
0 IN 1 6 92 0.5 0 -1
1 IN 2 3 78 0.5 1 -1
2 LN -1 -1 -1 -1 2 1
3 IN 4 5 36 0.5 2 -1
4 LN -1 -1 -1 -1 3 0
5 LN -1 -1 -1 -1 3 1
6 IN 7 10 51 0.5 1 -1
7 IN 8 9 15 0.5 2 -1
8 LN -1 -1 -1 -1 3 1
9 LN -1 -1 -1 -1 3 0
10 IN 11 12 1 0.5 2 -1
11 LN -1 -1 -1 -1 3 0
12 LN -1 -1 -1 -1 3 0

[TREE 34]
NB_NODES: 15
0 IN 1 8 18 0.5 0 -1
1 IN 2 5 34 0.5 1 -1
2 IN 3 4 55 0.5 2 -1
3 LN -1 -1 -1 -1 3 0
4 LN -1 -1 -1 -1 3 0
5 IN 6 7 64 0.5 2 -1
6 LN -1 -1 -1 -1 3 1
7 LN -1 -1 -1 -1 3 1
8 IN 9 12 19 0.5 1 -1
9 IN 10 11 98 0.5 2 -1
10 LN -1 -1 -1 -1 3 1
11 LN -1 -1 -1 -1 3 1
12 IN 13 14 9 0.5 2 -1
13 LN -1 -1 -1 -1 3 1
14 LN -1 -1 -1 -1 3 0

[TREE 35]
NB_NODES: 13
0 IN 1 6 58 0.5 0 -1
1 IN 2 3 1 0.5 1 -1
2 LN -1 -1 -1 -1 2 1
3 IN 4 5 33 0.5 2 -1
4 LN -1 -1 -1 -1 3 0
5 LN -1 -1 -1 -1 3 1
6 IN 7 10 0 0.5 1 -1
7 IN 8 9 20 0.5 2 -1
8 LN -1 -1 -1 -1 3 1
9 LN -1 -1 -1 -1 3 1
10 IN 11 12 26 0.5 2 -1
11 LN -1 -1 -1 -1 3 0
12 LN -1 -1 -1 -1 3 0

[TREE 36]
NB_NODES: 15
0 IN 1 8 6 0.5 0 -1
1 IN 2 5 29 0.5 1 -1
2 IN 3 4 0 0.5 2 -1
3 LN -1 -1 -1 -1 3 1
4 LN -1 -1 -1 -1 3 1
5 IN 6 7 12 0.5 2 -1
6 LN -1 -1 -1 -1 3 0
7 LN -1 -1 -1 -1 3 1
8 IN 9 12 0 0.5 1 -1
9 IN 10 11 42 0.5 2 -1
10 LN -1 -1 -1 -1 3 1
11 LN -1 -1 -1 -1 3 1
12 IN 13 14 58 0.5 2 -1
13 LN -1 -1 -1 -1 3 1
14 LN -1 -1 -1 -1 3 0

[TREE 37]
NB_NODES: 15
0 IN 1 8 17 0.5 0 -1
1 IN 2 5 34 0.5 1 -1
2 IN 3 4 89 0.5 2 -1
3 LN -1 -1 -1 -1 3 1
4 LN -1 -1 -1 -1 3 0
5 IN 6 7 28 0.5 2 -1
6 LN -1 -1 -1 -1 3 0
7 LN -1 -1 -1 -1 3 1
8 IN 9 12 93 0.5 1 -1
9 IN 10 11 102 0.5 2 -1
10 LN -1 -1 -1 -1 3 0
11 LN -1 -1 -1 -1 3 0
12 IN 13 14 22 0.5 2 -1
13 LN -1 -1 -1 -1 3 1
14 LN -1 -1 -1 -1 3 0

[TREE 38]
NB_NODES: 15
0 IN 1 8 1 0.5 0 -1
1 IN 2 5 93 0.5 1 -1
2 IN 3 4 87 0.5 2 -1
3 LN -1 -1 -1 -1 3 0
4 LN -1 -1 -1 -1 3 1
5 IN 6 7 34 0.5 2 -1
6 LN -1 -1 -1 -1 3 0
7 LN -1 -1 -1 -1 3 1
8 IN 9 12 59 0.5 1 -1
9 IN 10 11 27 0.5 2 -1
10 LN -1 -1 -1 -1 3 1
11 LN -1 -1 -1 -1 3 0
12 IN 13 14 74 0.5 2 -1
13 LN -1 -1 -1 -1 3 1
14 LN -1 -1 -1 -1 3 0

[TREE 39]
NB_NODES: 15
0 IN 1 8 80 0.5 0 -1
1 IN 2 5 1 0.5 1 -1
2 IN 3 4 18 0.5 2 -1
3 LN -1 -1 -1 -1 3 0
4 LN -1 -1 -1 -1 3 1
5 IN 6 7 109 0.5 2 -1
6 LN -1 -1 -1 -1 3 0
7 LN -1 -1 -1 -1 3 0
8 IN 9 12 37 0.5 1 -1
9 IN 10 11 10 0.5 2 -1
10 LN -1 -1 -1 -1 3 1
11 LN -1 -1 -1 -1 3 1
12 IN 13 14 48 0.5 2 -1
13 LN -1 -1 -1 -1 3 1
14 LN -1 -1 -1 -1 3 0

[TREE 40]
NB_NODES: 15
0 IN 1 8 18 0.5 0 -1
1 IN 2 5 0 0.5 1 -1
2 IN 3 4 40 0.5 2 -1
3 LN -1 -1 -1 -1 3 1
4 LN -1 -1 -1 -1 3 1
5 IN 6 7 44 0.5 2 -1
6 LN -1 -1 -1 -1 3 1
7 LN -1 -1 -1 -1 3 0
8 IN 9 12 91 0.5 1 -1
9 IN 10 11 69 0.5 2 -1
10 LN -1 -1 -1 -1 3 1
11 LN -1 -1 -1 -1 3 1
12 IN 13 14 48 0.5 2 -1
13 LN -1 -1 -1 -1 3 1
14 LN -1 -1 -1 -1 3 0

[TREE 41]
NB_NODES: 15
0 IN 1 8 49 0.5 0 -1
1 IN 2 5 76 0.5 1 -1
2 IN 3 4 60 0.5 2 -1
3 LN -1 -1 -1 -1 3 1
4 LN -1 -1 -1 -1 3 0
5 IN 6 7 0 0.5 2 -1
6 LN -1 -1 -1 -1 3 1
7 LN -1 -1 -1 -1 3 0
8 IN 9 12 7 0.5 1 -1
9 IN 10 11 48 0.5 2 -1
10 LN -1 -1 -1 -1 3 1
11 LN -1 -1 -1 -1 3 0
12 IN 13 14 1 0.5 2 -1
13 LN -1 -1 -1 -1 3 1
14 LN -1 -1 -1 -1 3 0

[TREE 42]
NB_NODES: 13
0 IN 1 8 49 0.5 0 -1
1 IN 2 5 17 0.5 1 -1
2 IN 3 4 51 0.5 2 -1
3 LN -1 -1 -1 -1 3 1
4 LN -1 -1 -1 -1 3 0
5 IN 6 7 21 0.5 2 -1
6 LN -1 -1 -1 -1 3 0
7 LN -1 -1 -1 -1 3 0
8 IN 9 12 62 0.5 1 -1
9 IN 10 11 15 0.5 2 -1
10 LN -1 -1 -1 -1 3 1
11 LN -1 -1 -1 -1 3 1
12 LN -1 -1 -1 -1 2 0

[TREE 43]
NB_NODES: 15
0 IN 1 8 0 0.5 0 -1
1 IN 2 5 30 0.5 1 -1
2 IN 3 4 28 0.5 2 -1
3 LN -1 -1 -1 -1 3 1
4 LN -1 -1 -1 -1 3 1
5 IN 6 7 109 0.5 2 -1
6 LN -1 -1 -1 -1 3 1
7 LN -1 -1 -1 -1 3 0
8 IN 9 12 78 0.5 1 -1
9 IN 10 11 32 0.5 2 -1
10 LN -1 -1 -1 -1 3 0
11 LN -1 -1 -1 -1 3 1
12 IN 13 14 10 0.5 2 -1
13 LN -1 -1 -1 -1 3 1
14 LN -1 -1 -1 -1 3 0

[TREE 44]
NB_NODES: 15
0 IN 1 8 78 0.5 0 -1
1 IN 2 5 97 0.5 1 -1
2 IN 3 4 85 0.5 2 -1
3 LN -1 -1 -1 -1 3 1
4 LN -1 -1 -1 -1 3 1
5 IN 6 7 0 0.5 2 -1
6 LN -1 -1 -1 -1 3 1
7 LN -1 -1 -1 -1 3 0
8 IN 9 12 15 0.5 1 -1
9 IN 10 11 47 0.5 2 -1
10 LN -1 -1 -1 -1 3 0
11 LN -1 -1 -1 -1 3 1
12 IN 13 14 111 0.5 2 -1
13 LN -1 -1 -1 -1 3 0
14 LN -1 -1 -1 -1 3 0

[TREE 45]
NB_NODES: 15
0 IN 1 8 10 0.5 0 -1
1 IN 2 5 15 0.5 1 -1
2 IN 3 4 53 0.5 2 -1
3 LN -1 -1 -1 -1 3 1
4 LN -1 -1 -1 -1 3 1
5 IN 6 7 82 0.5 2 -1
6 LN -1 -1 -1 -1 3 1
7 LN -1 -1 -1 -1 3 0
8 IN 9 12 15 0.5 1 -1
9 IN 10 11 64 0.5 2 -1
10 LN -1 -1 -1 -1 3 1
11 LN -1 -1 -1 -1 3 0
12 IN 13 14 20 0.5 2 -1
13 LN -1 -1 -1 -1 3 0
14 LN -1 -1 -1 -1 3 0

[TREE 46]
NB_NODES: 15
0 IN 1 8 15 0.5 0 -1
1 IN 2 5 92 0.5 1 -1
2 IN 3 4 26 0.5 2 -1
3 LN -1 -1 -1 -1 3 1
4 LN -1 -1 -1 -1 3 0
5 IN 6 7 46 0.5 2 -1
6 LN -1 -1 -1 -1 3 1
7 LN -1 -1 -1 -1 3 0
8 IN 9 12 7 0.5 1 -1
9 IN 10 11 25 0.5 2 -1
10 LN -1 -1 -1 -1 3 1
11 LN -1 -1 -1 -1 3 0
12 IN 13 14 10 0.5 2 -1
13 LN -1 -1 -1 -1 3 1
14 LN -1 -1 -1 -1 3 0

[TREE 47]
NB_NODES: 13
0 IN 1 8 7 0.5 0 -1
1 IN 2 5 89 0.5 1 -1
2 IN 3 4 17 0.5 2 -1
3 LN -1 -1 -1 -1 3 1
4 LN -1 -1 -1 -1 3 1
5 IN 6 7 87 0.5 2 -1
6 LN -1 -1 -1 -1 3 0
7 LN -1 -1 -1 -1 3 1
8 IN 9 12 54 0.5 1 -1
9 IN 10 11 49 0.5 2 -1
10 LN -1 -1 -1 -1 3 0
11 LN -1 -1 -1 -1 3 1
12 LN -1 -1 -1 -1 2 0

[TREE 48]
NB_NODES: 15
0 IN 1 8 7 0.5 0 -1
1 IN 2 5 0 0.5 1 -1
2 IN 3 4 28 0.5 2 -1
3 LN -1 -1 -1 -1 3 1
4 LN -1 -1 -1 -1 3 1
5 IN 6 7 68 0.5 2 -1
6 LN -1 -1 -1 -1 3 1
7 LN -1 -1 -1 -1 3 0
8 IN 9 12 98 0.5 1 -1
9 IN 10 11 89 0.5 2 -1
10 LN -1 -1 -1 -1 3 0
11 LN -1 -1 -1 -1 3 0
12 IN 13 14 46 0.5 2 -1
13 LN -1 -1 -1 -1 3 1
14 LN -1 -1 -1 -1 3 0

[TREE 49]
NB_NODES: 15
0 IN 1 8 1 0.5 0 -1
1 IN 2 5 9 0.5 1 -1
2 IN 3 4 82 0.5 2 -1
3 LN -1 -1 -1 -1 3 1
4 LN -1 -1 -1 -1 3 1
5 IN 6 7 47 0.5 2 -1
6 LN -1 -1 -1 -1 3 0
7 LN -1 -1 -1 -1 3 1
8 IN 9 12 111 0.5 1 -1
9 IN 10 11 15 0.5 2 -1
10 LN -1 -1 -1 -1 3 0
11 LN -1 -1 -1 -1 3 0
12 IN 13 14 7 0.5 2 -1
13 LN -1 -1 -1 -1 3 1
14 LN -1 -1 -1 -1 3 0

[TREE 50]
NB_NODES: 15
0 IN 1 8 98 0.5 0 -1
1 IN 2 5 15 0.5 1 -1
2 IN 3 4 29 0.5 2 -1
3 LN -1 -1 -1 -1 3 1
4 LN -1 -1 -1 -1 3 0
5 IN 6 7 78 0.5 2 -1
6 LN -1 -1 -1 -1 3 1
7 LN -1 -1 -1 -1 3 0
8 IN 9 12 89 0.5 1 -1
9 IN 10 11 1 0.5 2 -1
10 LN -1 -1 -1 -1 3 1
11 LN -1 -1 -1 -1 3 0
12 IN 13 14 68 0.5 2 -1
13 LN -1 -1 -1 -1 3 1
14 LN -1 -1 -1 -1 3 0

[TREE 51]
NB_NODES: 13
0 IN 1 6 38 0.5 0 -1
1 IN 2 5 70 0.5 1 -1
2 IN 3 4 7 0.5 2 -1
3 LN -1 -1 -1 -1 3 1
4 LN -1 -1 -1 -1 3 0
5 LN -1 -1 -1 -1 2 1
6 IN 7 10 42 0.5 1 -1
7 IN 8 9 23 0.5 2 -1
8 LN -1 -1 -1 -1 3 0
9 LN -1 -1 -1 -1 3 1
10 IN 11 12 52 0.5 2 -1
11 LN -1 -1 -1 -1 3 1
12 LN -1 -1 -1 -1 3 0

[TREE 52]
NB_NODES: 15
0 IN 1 8 28 0.5 0 -1
1 IN 2 5 36 0.5 1 -1
2 IN 3 4 10 0.5 2 -1
3 LN -1 -1 -1 -1 3 1
4 LN -1 -1 -1 -1 3 0
5 IN 6 7 106 0.5 2 -1
6 LN -1 -1 -1 -1 3 1
7 LN -1 -1 -1 -1 3 0
8 IN 9 12 92 0.5 1 -1
9 IN 10 11 110 0.5 2 -1
10 LN -1 -1 -1 -1 3 1
11 LN -1 -1 -1 -1 3 0
12 IN 13 14 49 0.5 2 -1
13 LN -1 -1 -1 -1 3 1
14 LN -1 -1 -1 -1 3 1

[TREE 53]
NB_NODES: 13
0 IN 1 8 34 0.5 0 -1
1 IN 2 5 51 0.5 1 -1
2 IN 3 4 33 0.5 2 -1
3 LN -1 -1 -1 -1 3 1
4 LN -1 -1 -1 -1 3 0
5 IN 6 7 22 0.5 2 -1
6 LN -1 -1 -1 -1 3 0
7 LN -1 -1 -1 -1 3 0
8 IN 9 12 11 0.5 1 -1
9 IN 10 11 0 0.5 2 -1
10 LN -1 -1 -1 -1 3 1
11 LN -1 -1 -1 -1 3 0
12 LN -1 -1 -1 -1 2 0

[TREE 54]
NB_NODES: 15
0 IN 1 8 0 0.5 0 -1
1 IN 2 5 19 0.5 1 -1
2 IN 3 4 82 0.5 2 -1
3 LN -1 -1 -1 -1 3 1
4 LN -1 -1 -1 -1 3 1
5 IN 6 7 104 0.5 2 -1
6 LN -1 -1 -1 -1 3 0
7 LN -1 -1 -1 -1 3 1
8 IN 9 12 31 0.5 1 -1
9 IN 10 11 62 0.5 2 -1
10 LN -1 -1 -1 -1 3 0
11 LN -1 -1 -1 -1 3 1
12 IN 13 14 14 0.5 2 -1
13 LN -1 -1 -1 -1 3 0
14 LN -1 -1 -1 -1 3 0

[TREE 55]
NB_NODES: 13
0 IN 1 8 94 0.5 0 -1
1 IN 2 5 10 0.5 1 -1
2 IN 3 4 29 0.5 2 -1
3 LN -1 -1 -1 -1 3 1
4 LN -1 -1 -1 -1 3 0
5 IN 6 7 21 0.5 2 -1
6 LN -1 -1 -1 -1 3 0
7 LN -1 -1 -1 -1 3 0
8 IN 9 12 22 0.5 1 -1
9 IN 10 11 15 0.5 2 -1
10 LN -1 -1 -1 -1 3 1
11 LN -1 -1 -1 -1 3 1
12 LN -1 -1 -1 -1 2 0

[TREE 56]
NB_NODES: 15
0 IN 1 8 110 0.5 0 -1
1 IN 2 5 94 0.5 1 -1
2 IN 3 4 106 0.5 2 -1
3 LN -1 -1 -1 -1 3 1
4 LN -1 -1 -1 -1 3 0
5 IN 6 7 69 0.5 2 -1
6 LN -1 -1 -1 -1 3 1
7 LN -1 -1 -1 -1 3 1
8 IN 9 12 28 0.5 1 -1
9 IN 10 11 69 0.5 2 -1
10 LN -1 -1 -1 -1 3 1
11 LN -1 -1 -1 -1 3 0
12 IN 13 14 73 0.5 2 -1
13 LN -1 -1 -1 -1 3 1
14 LN -1 -1 -1 -1 3 0

[TREE 57]
NB_NODES: 15
0 IN 1 8 28 0.5 0 -1
1 IN 2 5 34 0.5 1 -1
2 IN 3 4 55 0.5 2 -1
3 LN -1 -1 -1 -1 3 0
4 LN -1 -1 -1 -1 3 0
5 IN 6 7 92 0.5 2 -1
6 LN -1 -1 -1 -1 3 1
7 LN -1 -1 -1 -1 3 0
8 IN 9 12 37 0.5 1 -1
9 IN 10 11 5 0.5 2 -1
10 LN -1 -1 -1 -1 3 0
11 LN -1 -1 -1 -1 3 1
12 IN 13 14 47 0.5 2 -1
13 LN -1 -1 -1 -1 3 0
14 LN -1 -1 -1 -1 3 1

[TREE 58]
NB_NODES: 15
0 IN 1 8 15 0.5 0 -1
1 IN 2 5 19 0.5 1 -1
2 IN 3 4 106 0.5 2 -1
3 LN -1 -1 -1 -1 3 1
4 LN -1 -1 -1 -1 3 1
5 IN 6 7 97 0.5 2 -1
6 LN -1 -1 -1 -1 3 1
7 LN -1 -1 -1 -1 3 0
8 IN 9 12 29 0.5 1 -1
9 IN 10 11 51 0.5 2 -1
10 LN -1 -1 -1 -1 3 1
11 LN -1 -1 -1 -1 3 0
12 IN 13 14 85 0.5 2 -1
13 LN -1 -1 -1 -1 3 0
14 LN -1 -1 -1 -1 3 0

[TREE 59]
NB_NODES: 15
0 IN 1 8 15 0.5 0 -1
1 IN 2 5 76 0.5 1 -1
2 IN 3 4 6 0.5 2 -1
3 LN -1 -1 -1 -1 3 1
4 LN -1 -1 -1 -1 3 0
5 IN 6 7 59 0.5 2 -1
6 LN -1 -1 -1 -1 3 0
7 LN -1 -1 -1 -1 3 1
8 IN 9 12 27 0.5 1 -1
9 IN 10 11 32 0.5 2 -1
10 LN -1 -1 -1 -1 3 1
11 LN -1 -1 -1 -1 3 1
12 IN 13 14 1 0.5 2 -1
13 LN -1 -1 -1 -1 3 0
14 LN -1 -1 -1 -1 3 0

[TREE 60]
NB_NODES: 15
0 IN 1 8 19 0.5 0 -1
1 IN 2 5 51 0.5 1 -1
2 IN 3 4 29 0.5 2 -1
3 LN -1 -1 -1 -1 3 1
4 LN -1 -1 -1 -1 3 0
5 IN 6 7 90 0.5 2 -1
6 LN -1 -1 -1 -1 3 1
7 LN -1 -1 -1 -1 3 0
8 IN 9 12 28 0.5 1 -1
9 IN 10 11 51 0.5 2 -1
10 LN -1 -1 -1 -1 3 0
11 LN -1 -1 -1 -1 3 0
12 IN 13 14 0 0.5 2 -1
13 LN -1 -1 -1 -1 3 1
14 LN -1 -1 -1 -1 3 0

[TREE 61]
NB_NODES: 15
0 IN 1 8 49 0.5 0 -1
1 IN 2 5 15 0.5 1 -1
2 IN 3 4 65 0.5 2 -1
3 LN -1 -1 -1 -1 3 1
4 LN -1 -1 -1 -1 3 0
5 IN 6 7 20 0.5 2 -1
6 LN -1 -1 -1 -1 3 0
7 LN -1 -1 -1 -1 3 1
8 IN 9 12 97 0.5 1 -1
9 IN 10 11 69 0.5 2 -1
10 LN -1 -1 -1 -1 3 0
11 LN -1 -1 -1 -1 3 1
12 IN 13 14 68 0.5 2 -1
13 LN -1 -1 -1 -1 3 1
14 LN -1 -1 -1 -1 3 0

[TREE 62]
NB_NODES: 13
0 IN 1 8 48 0.5 0 -1
1 IN 2 5 56 0.5 1 -1
2 IN 3 4 15 0.5 2 -1
3 LN -1 -1 -1 -1 3 1
4 LN -1 -1 -1 -1 3 0
5 IN 6 7 18 0.5 2 -1
6 LN -1 -1 -1 -1 3 1
7 LN -1 -1 -1 -1 3 1
8 IN 9 10 39 0.5 1 -1
9 LN -1 -1 -1 -1 2 0
10 IN 11 12 30 0.5 2 -1
11 LN -1 -1 -1 -1 3 0
12 LN -1 -1 -1 -1 3 1

[TREE 63]
NB_NODES: 15
0 IN 1 8 15 0.5 0 -1
1 IN 2 5 22 0.5 1 -1
2 IN 3 4 3 0.5 2 -1
3 LN -1 -1 -1 -1 3 0
4 LN -1 -1 -1 -1 3 1
5 IN 6 7 6 0.5 2 -1
6 LN -1 -1 -1 -1 3 1
7 LN -1 -1 -1 -1 3 0
8 IN 9 12 26 0.5 1 -1
9 IN 10 11 82 0.5 2 -1
10 LN -1 -1 -1 -1 3 1
11 LN -1 -1 -1 -1 3 0
12 IN 13 14 20 0.5 2 -1
13 LN -1 -1 -1 -1 3 0
14 LN -1 -1 -1 -1 3 1

[TREE 64]
NB_NODES: 15
0 IN 1 8 28 0.5 0 -1
1 IN 2 5 15 0.5 1 -1
2 IN 3 4 11 0.5 2 -1
3 LN -1 -1 -1 -1 3 1
4 LN -1 -1 -1 -1 3 0
5 IN 6 7 54 0.5 2 -1
6 LN -1 -1 -1 -1 3 0
7 LN -1 -1 -1 -1 3 0
8 IN 9 12 0 0.5 1 -1
9 IN 10 11 30 0.5 2 -1
10 LN -1 -1 -1 -1 3 1
11 LN -1 -1 -1 -1 3 1
12 IN 13 14 15 0.5 2 -1
13 LN -1 -1 -1 -1 3 1
14 LN -1 -1 -1 -1 3 0

[TREE 65]
NB_NODES: 15
0 IN 1 8 27 0.5 0 -1
1 IN 2 5 66 0.5 1 -1
2 IN 3 4 1 0.5 2 -1
3 LN -1 -1 -1 -1 3 1
4 LN -1 -1 -1 -1 3 1
5 IN 6 7 8 0.5 2 -1
6 LN -1 -1 -1 -1 3 1
7 LN -1 -1 -1 -1 3 0
8 IN 9 12 94 0.5 1 -1
9 IN 10 11 7 0.5 2 -1
10 LN -1 -1 -1 -1 3 0
11 LN -1 -1 -1 -1 3 0
12 IN 13 14 1 0.5 2 -1
13 LN -1 -1 -1 -1 3 1
14 LN -1 -1 -1 -1 3 0

[TREE 66]
NB_NODES: 15
0 IN 1 8 46 0.5 0 -1
1 IN 2 5 52 0.5 1 -1
2 IN 3 4 0 0.5 2 -1
3 LN -1 -1 -1 -1 3 1
4 LN -1 -1 -1 -1 3 1
5 IN 6 7 18 0.5 2 -1
6 LN -1 -1 -1 -1 3 0
7 LN -1 -1 -1 -1 3 1
8 IN 9 12 111 0.5 1 -1
9 IN 10 11 25 0.5 2 -1
10 LN -1 -1 -1 -1 3 0
11 LN -1 -1 -1 -1 3 0
12 IN 13 14 52 0.5 2 -1
13 LN -1 -1 -1 -1 3 1
14 LN -1 -1 -1 -1 3 0

[TREE 67]
NB_NODES: 15
0 IN 1 8 59 0.5 0 -1
1 IN 2 5 1 0.5 1 -1
2 IN 3 4 20 0.5 2 -1
3 LN -1 -1 -1 -1 3 0
4 LN -1 -1 -1 -1 3 1
5 IN 6 7 57 0.5 2 -1
6 LN -1 -1 -1 -1 3 0
7 LN -1 -1 -1 -1 3 0
8 IN 9 12 39 0.5 1 -1
9 IN 10 11 75 0.5 2 -1
10 LN -1 -1 -1 -1 3 1
11 LN -1 -1 -1 -1 3 1
12 IN 13 14 6 0.5 2 -1
13 LN -1 -1 -1 -1 3 0
14 LN -1 -1 -1 -1 3 1

[TREE 68]
NB_NODES: 13
0 IN 1 8 51 0.5 0 -1
1 IN 2 5 28 0.5 1 -1
2 IN 3 4 27 0.5 2 -1
3 LN -1 -1 -1 -1 3 1
4 LN -1 -1 -1 -1 3 0
5 IN 6 7 2 0.5 2 -1
6 LN -1 -1 -1 -1 3 1
7 LN -1 -1 -1 -1 3 0
8 IN 9 10 44 0.5 1 -1
9 LN -1 -1 -1 -1 2 1
10 IN 11 12 54 0.5 2 -1
11 LN -1 -1 -1 -1 3 0
12 LN -1 -1 -1 -1 3 0

[TREE 69]
NB_NODES: 13
0 IN 1 6 94 0.5 0 -1
1 IN 2 5 51 0.5 1 -1
2 IN 3 4 17 0.5 2 -1
3 LN -1 -1 -1 -1 3 1
4 LN -1 -1 -1 -1 3 0
5 LN -1 -1 -1 -1 2 0
6 IN 7 10 58 0.5 1 -1
7 IN 8 9 20 0.5 2 -1
8 LN -1 -1 -1 -1 3 1
9 LN -1 -1 -1 -1 3 1
10 IN 11 12 88 0.5 2 -1
11 LN -1 -1 -1 -1 3 0
12 LN -1 -1 -1 -1 3 1

[TREE 70]
NB_NODES: 15
0 IN 1 8 80 0.5 0 -1
1 IN 2 5 63 0.5 1 -1
2 IN 3 4 17 0.5 2 -1
3 LN -1 -1 -1 -1 3 1
4 LN -1 -1 -1 -1 3 0
5 IN 6 7 30 0.5 2 -1
6 LN -1 -1 -1 -1 3 0
7 LN -1 -1 -1 -1 3 0
8 IN 9 12 19 0.5 1 -1
9 IN 10 11 38 0.5 2 -1
10 LN -1 -1 -1 -1 3 1
11 LN -1 -1 -1 -1 3 1
12 IN 13 14 40 0.5 2 -1
13 LN -1 -1 -1 -1 3 1
14 LN -1 -1 -1 -1 3 0

[TREE 71]
NB_NODES: 15
0 IN 1 8 15 0.5 0 -1
1 IN 2 5 94 0.5 1 -1
2 IN 3 4 45 0.5 2 -1
3 LN -1 -1 -1 -1 3 1
4 LN -1 -1 -1 -1 3 0
5 IN 6 7 9 0.5 2 -1
6 LN -1 -1 -1 -1 3 1
7 LN -1 -1 -1 -1 3 1
8 IN 9 12 0 0.5 1 -1
9 IN 10 11 78 0.5 2 -1
10 LN -1 -1 -1 -1 3 1
11 LN -1 -1 -1 -1 3 0
12 IN 13 14 25 0.5 2 -1
13 LN -1 -1 -1 -1 3 0
14 LN -1 -1 -1 -1 3 0

[TREE 72]
NB_NODES: 15
0 IN 1 8 49 0.5 0 -1
1 IN 2 5 55 0.5 1 -1
2 IN 3 4 0 0.5 2 -1
3 LN -1 -1 -1 -1 3 1
4 LN -1 -1 -1 -1 3 0
5 IN 6 7 51 0.5 2 -1
6 LN -1 -1 -1 -1 3 0
7 LN -1 -1 -1 -1 3 0
8 IN 9 12 16 0.5 1 -1
9 IN 10 11 23 0.5 2 -1
10 LN -1 -1 -1 -1 3 1
11 LN -1 -1 -1 -1 3 1
12 IN 13 14 100 0.5 2 -1
13 LN -1 -1 -1 -1 3 1
14 LN -1 -1 -1 -1 3 1

[TREE 73]
NB_NODES: 13
0 IN 1 6 15 0.5 0 -1
1 IN 2 3 17 0.5 1 -1
2 LN -1 -1 -1 -1 2 1
3 IN 4 5 44 0.5 2 -1
4 LN -1 -1 -1 -1 3 1
5 LN -1 -1 -1 -1 3 1
6 IN 7 10 76 0.5 1 -1
7 IN 8 9 110 0.5 2 -1
8 LN -1 -1 -1 -1 3 1
9 LN -1 -1 -1 -1 3 0
10 IN 11 12 85 0.5 2 -1
11 LN -1 -1 -1 -1 3 0
12 LN -1 -1 -1 -1 3 0

[TREE 74]
NB_NODES: 15
0 IN 1 8 9 0.5 0 -1
1 IN 2 5 28 0.5 1 -1
2 IN 3 4 55 0.5 2 -1
3 LN -1 -1 -1 -1 3 1
4 LN -1 -1 -1 -1 3 0
5 IN 6 7 3 0.5 2 -1
6 LN -1 -1 -1 -1 3 0
7 LN -1 -1 -1 -1 3 1
8 IN 9 12 20 0.5 1 -1
9 IN 10 11 29 0.5 2 -1
10 LN -1 -1 -1 -1 3 0
11 LN -1 -1 -1 -1 3 0
12 IN 13 14 39 0.5 2 -1
13 LN -1 -1 -1 -1 3 1
14 LN -1 -1 -1 -1 3 0

[TREE 75]
NB_NODES: 13
0 IN 1 8 9 0.5 0 -1
1 IN 2 5 28 0.5 1 -1
2 IN 3 4 20 0.5 2 -1
3 LN -1 -1 -1 -1 3 0
4 LN -1 -1 -1 -1 3 1
5 IN 6 7 48 0.5 2 -1
6 LN -1 -1 -1 -1 3 1
7 LN -1 -1 -1 -1 3 0
8 IN 9 12 51 0.5 1 -1
9 IN 10 11 0 0.5 2 -1
10 LN -1 -1 -1 -1 3 1
11 LN -1 -1 -1 -1 3 0
12 LN -1 -1 -1 -1 2 0

[TREE 76]
NB_NODES: 15
0 IN 1 8 3 0.5 0 -1
1 IN 2 5 55 0.5 1 -1
2 IN 3 4 17 0.5 2 -1
3 LN -1 -1 -1 -1 3 0
4 LN -1 -1 -1 -1 3 1
5 IN 6 7 4 0.5 2 -1
6 LN -1 -1 -1 -1 3 0
7 LN -1 -1 -1 -1 3 1
8 IN 9 12 39 0.5 1 -1
9 IN 10 11 28 0.5 2 -1
10 LN -1 -1 -1 -1 3 0
11 LN -1 -1 -1 -1 3 1
12 IN 13 14 26 0.5 2 -1
13 LN -1 -1 -1 -1 3 0
14 LN -1 -1 -1 -1 3 1

[TREE 77]
NB_NODES: 15
0 IN 1 8 15 0.5 0 -1
1 IN 2 5 94 0.5 1 -1
2 IN 3 4 29 0.5 2 -1
3 LN -1 -1 -1 -1 3 1
4 LN -1 -1 -1 -1 3 0
5 IN 6 7 72 0.5 2 -1
6 LN -1 -1 -1 -1 3 1
7 LN -1 -1 -1 -1 3 1
8 IN 9 12 7 0.5 1 -1
9 IN 10 11 28 0.5 2 -1
10 LN -1 -1 -1 -1 3 0
11 LN -1 -1 -1 -1 3 1
12 IN 13 14 83 0.5 2 -1
13 LN -1 -1 -1 -1 3 0
14 LN -1 -1 -1 -1 3 0

[TREE 78]
NB_NODES: 15
0 IN 1 8 9 0.5 0 -1
1 IN 2 5 0 0.5 1 -1
2 IN 3 4 78 0.5 2 -1
3 LN -1 -1 -1 -1 3 1
4 LN -1 -1 -1 -1 3 1
5 IN 6 7 18 0.5 2 -1
6 LN -1 -1 -1 -1 3 0
7 LN -1 -1 -1 -1 3 1
8 IN 9 12 51 0.5 1 -1
9 IN 10 11 22 0.5 2 -1
10 LN -1 -1 -1 -1 3 0
11 LN -1 -1 -1 -1 3 1
12 IN 13 14 76 0.5 2 -1
13 LN -1 -1 -1 -1 3 0
14 LN -1 -1 -1 -1 3 0

[TREE 79]
NB_NODES: 15
0 IN 1 8 80 0.5 0 -1
1 IN 2 5 1 0.5 1 -1
2 IN 3 4 48 0.5 2 -1
3 LN -1 -1 -1 -1 3 1
4 LN -1 -1 -1 -1 3 0
5 IN 6 7 91 0.5 2 -1
6 LN -1 -1 -1 -1 3 0
7 LN -1 -1 -1 -1 3 0
8 IN 9 12 91 0.5 1 -1
9 IN 10 11 19 0.5 2 -1
10 LN -1 -1 -1 -1 3 1
11 LN -1 -1 -1 -1 3 1
12 IN 13 14 104 0.5 2 -1
13 LN -1 -1 -1 -1 3 1
14 LN -1 -1 -1 -1 3 0

[TREE 80]
NB_NODES: 15
0 IN 1 8 16 0.5 0 -1
1 IN 2 5 51 0.5 1 -1
2 IN 3 4 81 0.5 2 -1
3 LN -1 -1 -1 -1 3 0
4 LN -1 -1 -1 -1 3 1
5 IN 6 7 46 0.5 2 -1
6 LN -1 -1 -1 -1 3 0
7 LN -1 -1 -1 -1 3 0
8 IN 9 12 0 0.5 1 -1
9 IN 10 11 20 0.5 2 -1
10 LN -1 -1 -1 -1 3 1
11 LN -1 -1 -1 -1 3 1
12 IN 13 14 58 0.5 2 -1
13 LN -1 -1 -1 -1 3 1
14 LN -1 -1 -1 -1 3 0

[TREE 81]
NB_NODES: 15
0 IN 1 8 1 0.5 0 -1
1 IN 2 5 2 0.5 1 -1
2 IN 3 4 90 0.5 2 -1
3 LN -1 -1 -1 -1 3 1
4 LN -1 -1 -1 -1 3 1
5 IN 6 7 44 0.5 2 -1
6 LN -1 -1 -1 -1 3 0
7 LN -1 -1 -1 -1 3 0
8 IN 9 12 20 0.5 1 -1
9 IN 10 11 56 0.5 2 -1
10 LN -1 -1 -1 -1 3 0
11 LN -1 -1 -1 -1 3 1
12 IN 13 14 48 0.5 2 -1
13 LN -1 -1 -1 -1 3 1
14 LN -1 -1 -1 -1 3 0

[TREE 82]
NB_NODES: 15
0 IN 1 8 61 0.5 0 -1
1 IN 2 5 60 0.5 1 -1
2 IN 3 4 37 0.5 2 -1
3 LN -1 -1 -1 -1 3 1
4 LN -1 -1 -1 -1 3 1
5 IN 6 7 49 0.5 2 -1
6 LN -1 -1 -1 -1 3 0
7 LN -1 -1 -1 -1 3 1
8 IN 9 12 51 0.5 1 -1
9 IN 10 11 34 0.5 2 -1
10 LN -1 -1 -1 -1 3 0
11 LN -1 -1 -1 -1 3 1
12 IN 13 14 16 0.5 2 -1
13 LN -1 -1 -1 -1 3 0
14 LN -1 -1 -1 -1 3 1

[TREE 83]
NB_NODES: 15
0 IN 1 8 0 0.5 0 -1
1 IN 2 5 4 0.5 1 -1
2 IN 3 4 60 0.5 2 -1
3 LN -1 -1 -1 -1 3 1
4 LN -1 -1 -1 -1 3 1
5 IN 6 7 52 0.5 2 -1
6 LN -1 -1 -1 -1 3 0
7 LN -1 -1 -1 -1 3 0
8 IN 9 12 15 0.5 1 -1
9 IN 10 11 68 0.5 2 -1
10 LN -1 -1 -1 -1 3 1
11 LN -1 -1 -1 -1 3 0
12 IN 13 14 62 0.5 2 -1
13 LN -1 -1 -1 -1 3 0
14 LN -1 -1 -1 -1 3 0

[TREE 84]
NB_NODES: 15
0 IN 1 8 16 0.5 0 -1
1 IN 2 5 29 0.5 1 -1
2 IN 3 4 78 0.5 2 -1
3 LN -1 -1 -1 -1 3 1
4 LN -1 -1 -1 -1 3 0
5 IN 6 7 50 0.5 2 -1
6 LN -1 -1 -1 -1 3 0
7 LN -1 -1 -1 -1 3 0
8 IN 9 12 110 0.5 1 -1
9 IN 10 11 23 0.5 2 -1
10 LN -1 -1 -1 -1 3 1
11 LN -1 -1 -1 -1 3 1
12 IN 13 14 27 0.5 2 -1
13 LN -1 -1 -1 -1 3 0
14 LN -1 -1 -1 -1 3 0

[TREE 85]
NB_NODES: 13
0 IN 1 6 15 0.5 0 -1
1 IN 2 3 58 0.5 1 -1
2 LN -1 -1 -1 -1 2 1
3 IN 4 5 85 0.5 2 -1
4 LN -1 -1 -1 -1 3 1
5 LN -1 -1 -1 -1 3 1
6 IN 7 10 21 0.5 1 -1
7 IN 8 9 85 0.5 2 -1
8 LN -1 -1 -1 -1 3 1
9 LN -1 -1 -1 -1 3 0
10 IN 11 12 102 0.5 2 -1
11 LN -1 -1 -1 -1 3 0
12 LN -1 -1 -1 -1 3 0

[TREE 86]
NB_NODES: 15
0 IN 1 8 49 0.5 0 -1
1 IN 2 5 106 0.5 1 -1
2 IN 3 4 46 0.5 2 -1
3 LN -1 -1 -1 -1 3 1
4 LN -1 -1 -1 -1 3 0
5 IN 6 7 104 0.5 2 -1
6 LN -1 -1 -1 -1 3 0
7 LN -1 -1 -1 -1 3 0
8 IN 9 12 0 0.5 1 -1
9 IN 10 11 2 0.5 2 -1
10 LN -1 -1 -1 -1 3 1
11 LN -1 -1 -1 -1 3 1
12 IN 13 14 64 0.5 2 -1
13 LN -1 -1 -1 -1 3 1
14 LN -1 -1 -1 -1 3 0

[TREE 87]
NB_NODES: 13
0 IN 1 6 15 0.5 0 -1
1 IN 2 3 13 0.5 1 -1
2 LN -1 -1 -1 -1 2 1
3 IN 4 5 46 0.5 2 -1
4 LN -1 -1 -1 -1 3 1
5 LN -1 -1 -1 -1 3 0
6 IN 7 10 46 0.5 1 -1
7 IN 8 9 12 0.5 2 -1
8 LN -1 -1 -1 -1 3 0
9 LN -1 -1 -1 -1 3 1
10 IN 11 12 0 0.5 2 -1
11 LN -1 -1 -1 -1 3 0
12 LN -1 -1 -1 -1 3 0

[TREE 88]
NB_NODES: 15
0 IN 1 8 34 0.5 0 -1
1 IN 2 5 26 0.5 1 -1
2 IN 3 4 97 0.5 2 -1
3 LN -1 -1 -1 -1 3 1
4 LN -1 -1 -1 -1 3 0
5 IN 6 7 15 0.5 2 -1
6 LN -1 -1 -1 -1 3 0
7 LN -1 -1 -1 -1 3 0
8 IN 9 12 0 0.5 1 -1
9 IN 10 11 9 0.5 2 -1
10 LN -1 -1 -1 -1 3 1
11 LN -1 -1 -1 -1 3 1
12 IN 13 14 84 0.5 2 -1
13 LN -1 -1 -1 -1 3 1
14 LN -1 -1 -1 -1 3 0

[TREE 89]
NB_NODES: 15
0 IN 1 8 0 0.5 0 -1
1 IN 2 5 1 0.5 1 -1
2 IN 3 4 9 0.5 2 -1
3 LN -1 -1 -1 -1 3 1
4 LN -1 -1 -1 -1 3 1
5 IN 6 7 15 0.5 2 -1
6 LN -1 -1 -1 -1 3 0
7 LN -1 -1 -1 -1 3 0
8 IN 9 12 54 0.5 1 -1
9 IN 10 11 11 0.5 2 -1
10 LN -1 -1 -1 -1 3 0
11 LN -1 -1 -1 -1 3 1
12 IN 13 14 39 0.5 2 -1
13 LN -1 -1 -1 -1 3 0
14 LN -1 -1 -1 -1 3 0

[TREE 90]
NB_NODES: 15
0 IN 1 8 37 0.5 0 -1
1 IN 2 5 7 0.5 1 -1
2 IN 3 4 34 0.5 2 -1
3 LN -1 -1 -1 -1 3 1
4 LN -1 -1 -1 -1 3 1
5 IN 6 7 55 0.5 2 -1
6 LN -1 -1 -1 -1 3 1
7 LN -1 -1 -1 -1 3 0
8 IN 9 12 15 0.5 1 -1
9 IN 10 11 26 0.5 2 -1
10 LN -1 -1 -1 -1 3 0
11 LN -1 -1 -1 -1 3 1
12 IN 13 14 30 0.5 2 -1
13 LN -1 -1 -1 -1 3 0
14 LN -1 -1 -1 -1 3 0

[TREE 91]
NB_NODES: 15
0 IN 1 8 61 0.5 0 -1
1 IN 2 5 85 0.5 1 -1
2 IN 3 4 101 0.5 2 -1
3 LN -1 -1 -1 -1 3 1
4 LN -1 -1 -1 -1 3 1
5 IN 6 7 56 0.5 2 -1
6 LN -1 -1 -1 -1 3 1
7 LN -1 -1 -1 -1 3 0
8 IN 9 12 28 0.5 1 -1
9 IN 10 11 88 0.5 2 -1
10 LN -1 -1 -1 -1 3 0
11 LN -1 -1 -1 -1 3 0
12 IN 13 14 3 0.5 2 -1
13 LN -1 -1 -1 -1 3 0
14 LN -1 -1 -1 -1 3 1

[TREE 92]
NB_NODES: 15
0 IN 1 8 28 0.5 0 -1
1 IN 2 5 54 0.5 1 -1
2 IN 3 4 44 0.5 2 -1
3 LN -1 -1 -1 -1 3 1
4 LN -1 -1 -1 -1 3 0
5 IN 6 7 59 0.5 2 -1
6 LN -1 -1 -1 -1 3 0
7 LN -1 -1 -1 -1 3 0
8 IN 9 12 9 0.5 1 -1
9 IN 10 11 23 0.5 2 -1
10 LN -1 -1 -1 -1 3 1
11 LN -1 -1 -1 -1 3 1
12 IN 13 14 26 0.5 2 -1
13 LN -1 -1 -1 -1 3 0
14 LN -1 -1 -1 -1 3 1

[TREE 93]
NB_NODES: 15
0 IN 1 8 1 0.5 0 -1
1 IN 2 5 84 0.5 1 -1
2 IN 3 4 69 0.5 2 -1
3 LN -1 -1 -1 -1 3 1
4 LN -1 -1 -1 -1 3 1
5 IN 6 7 47 0.5 2 -1
6 LN -1 -1 -1 -1 3 1
7 LN -1 -1 -1 -1 3 1
8 IN 9 12 95 0.5 1 -1
9 IN 10 11 103 0.5 2 -1
10 LN -1 -1 -1 -1 3 0
11 LN -1 -1 -1 -1 3 1
12 IN 13 14 70 0.5 2 -1
13 LN -1 -1 -1 -1 3 0
14 LN -1 -1 -1 -1 3 0

[TREE 94]
NB_NODES: 15
0 IN 1 8 9 0.5 0 -1
1 IN 2 5 15 0.5 1 -1
2 IN 3 4 28 0.5 2 -1
3 LN -1 -1 -1 -1 3 1
4 LN -1 -1 -1 -1 3 1
5 IN 6 7 6 0.5 2 -1
6 LN -1 -1 -1 -1 3 1
7 LN -1 -1 -1 -1 3 0
8 IN 9 12 62 0.5 1 -1
9 IN 10 11 97 0.5 2 -1
10 LN -1 -1 -1 -1 3 0
11 LN -1 -1 -1 -1 3 0
12 IN 13 14 39 0.5 2 -1
13 LN -1 -1 -1 -1 3 1
14 LN -1 -1 -1 -1 3 0

[TREE 95]
NB_NODES: 15
0 IN 1 8 70 0.5 0 -1
1 IN 2 5 31 0.5 1 -1
2 IN 3 4 44 0.5 2 -1
3 LN -1 -1 -1 -1 3 1
4 LN -1 -1 -1 -1 3 0
5 IN 6 7 15 0.5 2 -1
6 LN -1 -1 -1 -1 3 1
7 LN -1 -1 -1 -1 3 0
8 IN 9 12 0 0.5 1 -1
9 IN 10 11 53 0.5 2 -1
10 LN -1 -1 -1 -1 3 1
11 LN -1 -1 -1 -1 3 1
12 IN 13 14 28 0.5 2 -1
13 LN -1 -1 -1 -1 3 0
14 LN -1 -1 -1 -1 3 1

[TREE 96]
NB_NODES: 13
0 IN 1 6 28 0.5 0 -1
1 IN 2 5 0 0.5 1 -1
2 IN 3 4 6 0.5 2 -1
3 LN -1 -1 -1 -1 3 1
4 LN -1 -1 -1 -1 3 0
5 LN -1 -1 -1 -1 2 0
6 IN 7 10 85 0.5 1 -1
7 IN 8 9 34 0.5 2 -1
8 LN -1 -1 -1 -1 3 1
9 LN -1 -1 -1 -1 3 1
10 IN 11 12 71 0.5 2 -1
11 LN -1 -1 -1 -1 3 1
12 LN -1 -1 -1 -1 3 0

[TREE 97]
NB_NODES: 15
0 IN 1 8 1 0.5 0 -1
1 IN 2 5 15 0.5 1 -1
2 IN 3 4 2 0.5 2 -1
3 LN -1 -1 -1 -1 3 1
4 LN -1 -1 -1 -1 3 0
5 IN 6 7 40 0.5 2 -1
6 LN -1 -1 -1 -1 3 1
7 LN -1 -1 -1 -1 3 0
8 IN 9 12 61 0.5 1 -1
9 IN 10 11 86 0.5 2 -1
10 LN -1 -1 -1 -1 3 0
11 LN -1 -1 -1 -1 3 1
12 IN 13 14 74 0.5 2 -1
13 LN -1 -1 -1 -1 3 0
14 LN -1 -1 -1 -1 3 0

[TREE 98]
NB_NODES: 15
0 IN 1 8 18 0.5 0 -1
1 IN 2 5 7 0.5 1 -1
2 IN 3 4 2 0.5 2 -1
3 LN -1 -1 -1 -1 3 1
4 LN -1 -1 -1 -1 3 0
5 IN 6 7 76 0.5 2 -1
6 LN -1 -1 -1 -1 3 0
7 LN -1 -1 -1 -1 3 0
8 IN 9 12 105 0.5 1 -1
9 IN 10 11 1 0.5 2 -1
10 LN -1 -1 -1 -1 3 1
11 LN -1 -1 -1 -1 3 0
12 IN 13 14 62 0.5 2 -1
13 LN -1 -1 -1 -1 3 1
14 LN -1 -1 -1 -1 3 0

[TREE 99]
NB_NODES: 15
0 IN 1 8 7 0.5 0 -1
1 IN 2 5 0 0.5 1 -1
2 IN 3 4 60 0.5 2 -1
3 LN -1 -1 -1 -1 3 1
4 LN -1 -1 -1 -1 3 1
5 IN 6 7 54 0.5 2 -1
6 LN -1 -1 -1 -1 3 0
7 LN -1 -1 -1 -1 3 0
8 IN 9 12 31 0.5 1 -1
9 IN 10 11 51 0.5 2 -1
10 LN -1 -1 -1 -1 3 1
11 LN -1 -1 -1 -1 3 0
12 IN 13 14 37 0.5 2 -1
13 LN -1 -1 -1 -1 3 0
14 LN -1 -1 -1 -1 3 0
