DATASET_NAME: contraceptive_0training_data.csv
ENSEMBLE: RF
NB_TREES: 50
NB_FEATURES: 72
NB_CLASSES: 2
MAX_TREE_DEPTH: 3
Format: node / node type (LN - leave node, IN - internal node) left child / right child / feature / threshold / node_depth / majority class (starts with index 0)

[TREE 0]
NB_NODES: 13
0 IN 1 8 32 0.5 0 -1
1 IN 2 5 30 0.5 1 -1
2 IN 3 4 11 0.5 2 -1
3 LN -1 -1 -1 -1 3 1
4 LN -1 -1 -1 -1 3 0
5 IN 6 7 61 0.5 2 -1
6 LN -1 -1 -1 -1 3 0
7 LN -1 -1 -1 -1 3 0
8 IN 9 10 0 0.5 1 -1
9 LN -1 -1 -1 -1 2 0
10 IN 11 12 27 0.5 2 -1
11 LN -1 -1 -1 -1 3 1
12 LN -1 -1 -1 -1 3 0

[TREE 1]
NB_NODES: 15
0 IN 1 8 1 0.5 0 -1
1 IN 2 5 17 0.5 1 -1
2 IN 3 4 6 0.5 2 -1
3 LN -1 -1 -1 -1 3 0
4 LN -1 -1 -1 -1 3 1
5 IN 6 7 32 0.5 2 -1
6 LN -1 -1 -1 -1 3 0
7 LN -1 -1 -1 -1 3 0
8 IN 9 12 50 0.5 1 -1
9 IN 10 11 70 0.5 2 -1
10 LN -1 -1 -1 -1 3 1
11 LN -1 -1 -1 -1 3 1
12 IN 13 14 3 0.5 2 -1
13 LN -1 -1 -1 -1 3 0
14 LN -1 -1 -1 -1 3 1

[TREE 2]
NB_NODES: 15
0 IN 1 8 16 0.5 0 -1
1 IN 2 5 45 0.5 1 -1
2 IN 3 4 1 0.5 2 -1
3 LN -1 -1 -1 -1 3 0
4 LN -1 -1 -1 -1 3 1
5 IN 6 7 11 0.5 2 -1
6 LN -1 -1 -1 -1 3 0
7 LN -1 -1 -1 -1 3 0
8 IN 9 12 20 0.5 1 -1
9 IN 10 11 70 0.5 2 -1
10 LN -1 -1 -1 -1 3 1
11 LN -1 -1 -1 -1 3 0
12 IN 13 14 26 0.5 2 -1
13 LN -1 -1 -1 -1 3 1
14 LN -1 -1 -1 -1 3 1

[TREE 3]
NB_NODES: 15
0 IN 1 8 64 0.5 0 -1
1 IN 2 5 3 0.5 1 -1
2 IN 3 4 1 0.5 2 -1
3 LN -1 -1 -1 -1 3 0
4 LN -1 -1 -1 -1 3 1
5 IN 6 7 62 0.5 2 -1
6 LN -1 -1 -1 -1 3 1
7 LN -1 -1 -1 -1 3 1
8 IN 9 12 1 0.5 1 -1
9 IN 10 11 8 0.5 2 -1
10 LN -1 -1 -1 -1 3 0
11 LN -1 -1 -1 -1 3 0
12 IN 13 14 11 0.5 2 -1
13 LN -1 -1 -1 -1 3 1
14 LN -1 -1 -1 -1 3 1

[TREE 4]
NB_NODES: 13
0 IN 1 6 0 0.5 0 -1
1 IN 2 5 70 0.5 1 -1
2 IN 3 4 8 0.5 2 -1
3 LN -1 -1 -1 -1 3 0
4 LN -1 -1 -1 -1 3 0
5 LN -1 -1 -1 -1 2 0
6 IN 7 10 16 0.5 1 -1
7 IN 8 9 43 0.5 2 -1
8 LN -1 -1 -1 -1 3 1
9 LN -1 -1 -1 -1 3 0
10 IN 11 12 52 0.5 2 -1
11 LN -1 -1 -1 -1 3 1
12 LN -1 -1 -1 -1 3 1

[TREE 5]
NB_NODES: 15
0 IN 1 8 1 0.5 0 -1
1 IN 2 5 62 0.5 1 -1
2 IN 3 4 13 0.5 2 -1
3 LN -1 -1 -1 -1 3 1
4 LN -1 -1 -1 -1 3 1
5 IN 6 7 8 0.5 2 -1
6 LN -1 -1 -1 -1 3 0
7 LN -1 -1 -1 -1 3 1
8 IN 9 12 62 0.5 1 -1
9 IN 10 11 17 0.5 2 -1
10 LN -1 -1 -1 -1 3 1
11 LN -1 -1 -1 -1 3 1
12 IN 13 14 19 0.5 2 -1
13 LN -1 -1 -1 -1 3 1
14 LN -1 -1 -1 -1 3 1

[TREE 6]
NB_NODES: 15
0 IN 1 8 12 0.5 0 -1
1 IN 2 5 26 0.5 1 -1
2 IN 3 4 55 0.5 2 -1
3 LN -1 -1 -1 -1 3 1
4 LN -1 -1 -1 -1 3 0
5 IN 6 7 33 0.5 2 -1
6 LN -1 -1 -1 -1 3 0
7 LN -1 -1 -1 -1 3 1
8 IN 9 12 57 0.5 1 -1
9 IN 10 11 0 0.5 2 -1
10 LN -1 -1 -1 -1 3 0
11 LN -1 -1 -1 -1 3 0
12 IN 13 14 54 0.5 2 -1
13 LN -1 -1 -1 -1 3 1
14 LN -1 -1 -1 -1 3 0

[TREE 7]
NB_NODES: 11
0 IN 1 8 47 0.5 0 -1
1 IN 2 5 1 0.5 1 -1
2 IN 3 4 3 0.5 2 -1
3 LN -1 -1 -1 -1 3 0
4 LN -1 -1 -1 -1 3 1
5 IN 6 7 49 0.5 2 -1
6 LN -1 -1 -1 -1 3 1
7 LN -1 -1 -1 -1 3 1
8 IN 9 10 69 0.5 1 -1
9 LN -1 -1 -1 -1 2 0
10 LN -1 -1 -1 -1 2 1

[TREE 8]
NB_NODES: 15
0 IN 1 8 30 0.5 0 -1
1 IN 2 5 59 0.5 1 -1
2 IN 3 4 1 0.5 2 -1
3 LN -1 -1 -1 -1 3 1
4 LN -1 -1 -1 -1 3 1
5 IN 6 7 16 0.5 2 -1
6 LN -1 -1 -1 -1 3 0
7 LN -1 -1 -1 -1 3 1
8 IN 9 12 45 0.5 1 -1
9 IN 10 11 16 0.5 2 -1
10 LN -1 -1 -1 -1 3 0
11 LN -1 -1 -1 -1 3 1
12 IN 13 14 7 0.5 2 -1
13 LN -1 -1 -1 -1 3 0
14 LN -1 -1 -1 -1 3 0

[TREE 9]
NB_NODES: 15
0 IN 1 8 26 0.5 0 -1
1 IN 2 5 38 0.5 1 -1
2 IN 3 4 18 0.5 2 -1
3 LN -1 -1 -1 -1 3 0
4 LN -1 -1 -1 -1 3 0
5 IN 6 7 67 0.5 2 -1
6 LN -1 -1 -1 -1 3 1
7 LN -1 -1 -1 -1 3 1
8 IN 9 12 5 0.5 1 -1
9 IN 10 11 24 0.5 2 -1
10 LN -1 -1 -1 -1 3 1
11 LN -1 -1 -1 -1 3 0
12 IN 13 14 32 0.5 2 -1
13 LN -1 -1 -1 -1 3 0
14 LN -1 -1 -1 -1 3 0

[TREE 10]
NB_NODES: 13
0 IN 1 8 52 0.5 0 -1
1 IN 2 5 3 0.5 1 -1
2 IN 3 4 1 0.5 2 -1
3 LN -1 -1 -1 -1 3 0
4 LN -1 -1 -1 -1 3 1
5 IN 6 7 64 0.5 2 -1
6 LN -1 -1 -1 -1 3 1
7 LN -1 -1 -1 -1 3 1
8 IN 9 10 16 0.5 1 -1
9 LN -1 -1 -1 -1 2 0
10 IN 11 12 5 0.5 2 -1
11 LN -1 -1 -1 -1 3 1
12 LN -1 -1 -1 -1 3 0

[TREE 11]
NB_NODES: 15
0 IN 1 8 11 0.5 0 -1
1 IN 2 5 16 0.5 1 -1
2 IN 3 4 47 0.5 2 -1
3 LN -1 -1 -1 -1 3 0
4 LN -1 -1 -1 -1 3 0
5 IN 6 7 23 0.5 2 -1
6 LN -1 -1 -1 -1 3 1
7 LN -1 -1 -1 -1 3 1
8 IN 9 12 9 0.5 1 -1
9 IN 10 11 33 0.5 2 -1
10 LN -1 -1 -1 -1 3 1
11 LN -1 -1 -1 -1 3 1
12 IN 13 14 5 0.5 2 -1
13 LN -1 -1 -1 -1 3 0
14 LN -1 -1 -1 -1 3 0

[TREE 12]
NB_NODES: 15
0 IN 1 8 38 0.5 0 -1
1 IN 2 5 18 0.5 1 -1
2 IN 3 4 1 0.5 2 -1
3 LN -1 -1 -1 -1 3 0
4 LN -1 -1 -1 -1 3 1
5 IN 6 7 33 0.5 2 -1
6 LN -1 -1 -1 -1 3 0
7 LN -1 -1 -1 -1 3 0
8 IN 9 12 9 0.5 1 -1
9 IN 10 11 13 0.5 2 -1
10 LN -1 -1 -1 -1 3 1
11 LN -1 -1 -1 -1 3 1
12 IN 13 14 16 0.5 2 -1
13 LN -1 -1 -1 -1 3 0
14 LN -1 -1 -1 -1 3 1

[TREE 13]
NB_NODES: 15
0 IN 1 8 14 0.5 0 -1
1 IN 2 5 1 0.5 1 -1
2 IN 3 4 57 0.5 2 -1
3 LN -1 -1 -1 -1 3 0
4 LN -1 -1 -1 -1 3 1
5 IN 6 7 62 0.5 2 -1
6 LN -1 -1 -1 -1 3 1
7 LN -1 -1 -1 -1 3 1
8 IN 9 12 69 0.5 1 -1
9 IN 10 11 3 0.5 2 -1
10 LN -1 -1 -1 -1 3 0
11 LN -1 -1 -1 -1 3 0
12 IN 13 14 30 0.5 2 -1
13 LN -1 -1 -1 -1 3 1
14 LN -1 -1 -1 -1 3 0

[TREE 14]
NB_NODES: 13
0 IN 1 8 26 0.5 0 -1
1 IN 2 5 16 0.5 1 -1
2 IN 3 4 71 0.5 2 -1
3 LN -1 -1 -1 -1 3 0
4 LN -1 -1 -1 -1 3 0
5 IN 6 7 57 0.5 2 -1
6 LN -1 -1 -1 -1 3 1
7 LN -1 -1 -1 -1 3 1
8 IN 9 10 0 0.5 1 -1
9 LN -1 -1 -1 -1 2 0
10 IN 11 12 28 0.5 2 -1
11 LN -1 -1 -1 -1 3 1
12 LN -1 -1 -1 -1 3 0

[TREE 15]
NB_NODES: 15
0 IN 1 8 48 0.5 0 -1
1 IN 2 5 16 0.5 1 -1
2 IN 3 4 64 0.5 2 -1
3 LN -1 -1 -1 -1 3 0
4 LN -1 -1 -1 -1 3 0
5 IN 6 7 18 0.5 2 -1
6 LN -1 -1 -1 -1 3 1
7 LN -1 -1 -1 -1 3 1
8 IN 9 12 55 0.5 1 -1
9 IN 10 11 28 0.5 2 -1
10 LN -1 -1 -1 -1 3 0
11 LN -1 -1 -1 -1 3 0
12 IN 13 14 24 0.5 2 -1
13 LN -1 -1 -1 -1 3 0
14 LN -1 -1 -1 -1 3 0

[TREE 16]
NB_NODES: 13
0 IN 1 6 0 0.5 0 -1
1 IN 2 3 48 0.5 1 -1
2 LN -1 -1 -1 -1 2 0
3 IN 4 5 23 0.5 2 -1
4 LN -1 -1 -1 -1 3 0
5 LN -1 -1 -1 -1 3 0
6 IN 7 10 54 0.5 1 -1
7 IN 8 9 22 0.5 2 -1
8 LN -1 -1 -1 -1 3 1
9 LN -1 -1 -1 -1 3 1
10 IN 11 12 30 0.5 2 -1
11 LN -1 -1 -1 -1 3 0
12 LN -1 -1 -1 -1 3 0

[TREE 17]
NB_NODES: 15
0 IN 1 8 34 0.5 0 -1
1 IN 2 5 32 0.5 1 -1
2 IN 3 4 17 0.5 2 -1
3 LN -1 -1 -1 -1 3 1
4 LN -1 -1 -1 -1 3 0
5 IN 6 7 30 0.5 2 -1
6 LN -1 -1 -1 -1 3 1
7 LN -1 -1 -1 -1 3 0
8 IN 9 12 3 0.5 1 -1
9 IN 10 11 16 0.5 2 -1
10 LN -1 -1 -1 -1 3 0
11 LN -1 -1 -1 -1 3 0
12 IN 13 14 12 0.5 2 -1
13 LN -1 -1 -1 -1 3 0
14 LN -1 -1 -1 -1 3 1

[TREE 18]
NB_NODES: 15
0 IN 1 8 20 0.5 0 -1
1 IN 2 5 70 0.5 1 -1
2 IN 3 4 22 0.5 2 -1
3 LN -1 -1 -1 -1 3 0
4 LN -1 -1 -1 -1 3 1
5 IN 6 7 59 0.5 2 -1
6 LN -1 -1 -1 -1 3 1
7 LN -1 -1 -1 -1 3 0
8 IN 9 12 40 0.5 1 -1
9 IN 10 11 29 0.5 2 -1
10 LN -1 -1 -1 -1 3 1
11 LN -1 -1 -1 -1 3 1
12 IN 13 14 24 0.5 2 -1
13 LN -1 -1 -1 -1 3 0
14 LN -1 -1 -1 -1 3 0

[TREE 19]
NB_NODES: 15
0 IN 1 8 62 0.5 0 -1
1 IN 2 5 35 0.5 1 -1
2 IN 3 4 24 0.5 2 -1
3 LN -1 -1 -1 -1 3 1
4 LN -1 -1 -1 -1 3 1
5 IN 6 7 13 0.5 2 -1
6 LN -1 -1 -1 -1 3 1
7 LN -1 -1 -1 -1 3 1
8 IN 9 12 32 0.5 1 -1
9 IN 10 11 48 0.5 2 -1
10 LN -1 -1 -1 -1 3 0
11 LN -1 -1 -1 -1 3 0
12 IN 13 14 14 0.5 2 -1
13 LN -1 -1 -1 -1 3 1
14 LN -1 -1 -1 -1 3 0

[TREE 20]
NB_NODES: 13
0 IN 1 6 30 0.5 0 -1
1 IN 2 5 46 0.5 1 -1
2 IN 3 4 16 0.5 2 -1
3 LN -1 -1 -1 -1 3 0
4 LN -1 -1 -1 -1 3 1
5 LN -1 -1 -1 -1 2 0
6 IN 7 10 25 0.5 1 -1
7 IN 8 9 23 0.5 2 -1
8 LN -1 -1 -1 -1 3 0
9 LN -1 -1 -1 -1 3 0
10 IN 11 12 52 0.5 2 -1
11 LN -1 -1 -1 -1 3 0
12 LN -1 -1 -1 -1 3 0

[TREE 21]
NB_NODES: 15
0 IN 1 8 1 0.5 0 -1
1 IN 2 5 34 0.5 1 -1
2 IN 3 4 31 0.5 2 -1
3 LN -1 -1 -1 -1 3 0
4 LN -1 -1 -1 -1 3 1
5 IN 6 7 41 0.5 2 -1
6 LN -1 -1 -1 -1 3 0
7 LN -1 -1 -1 -1 3 0
8 IN 9 12 16 0.5 1 -1
9 IN 10 11 63 0.5 2 -1
10 LN -1 -1 -1 -1 3 1
11 LN -1 -1 -1 -1 3 0
12 IN 13 14 43 0.5 2 -1
13 LN -1 -1 -1 -1 3 1
14 LN -1 -1 -1 -1 3 1

[TREE 22]
NB_NODES: 15
0 IN 1 8 66 0.5 0 -1
1 IN 2 5 30 0.5 1 -1
2 IN 3 4 6 0.5 2 -1
3 LN -1 -1 -1 -1 3 0
4 LN -1 -1 -1 -1 3 1
5 IN 6 7 4 0.5 2 -1
6 LN -1 -1 -1 -1 3 0
7 LN -1 -1 -1 -1 3 0
8 IN 9 12 54 0.5 1 -1
9 IN 10 11 24 0.5 2 -1
10 LN -1 -1 -1 -1 3 1
11 LN -1 -1 -1 -1 3 0
12 IN 13 14 48 0.5 2 -1
13 LN -1 -1 -1 -1 3 0
14 LN -1 -1 -1 -1 3 0

[TREE 23]
NB_NODES: 15
0 IN 1 8 36 0.5 0 -1
1 IN 2 5 42 0.5 1 -1
2 IN 3 4 20 0.5 2 -1
3 LN -1 -1 -1 -1 3 1
4 LN -1 -1 -1 -1 3 1
5 IN 6 7 63 0.5 2 -1
6 LN -1 -1 -1 -1 3 0
7 LN -1 -1 -1 -1 3 0
8 IN 9 12 27 0.5 1 -1
9 IN 10 11 13 0.5 2 -1
10 LN -1 -1 -1 -1 3 1
11 LN -1 -1 -1 -1 3 1
12 IN 13 14 49 0.5 2 -1
13 LN -1 -1 -1 -1 3 0
14 LN -1 -1 -1 -1 3 0

[TREE 24]
NB_NODES: 15
0 IN 1 8 3 0.5 0 -1
1 IN 2 5 61 0.5 1 -1
2 IN 3 4 40 0.5 2 -1
3 LN -1 -1 -1 -1 3 1
4 LN -1 -1 -1 -1 3 0
5 IN 6 7 12 0.5 2 -1
6 LN -1 -1 -1 -1 3 0
7 LN -1 -1 -1 -1 3 0
8 IN 9 12 24 0.5 1 -1
9 IN 10 11 11 0.5 2 -1
10 LN -1 -1 -1 -1 3 1
11 LN -1 -1 -1 -1 3 1
12 IN 13 14 17 0.5 2 -1
13 LN -1 -1 -1 -1 3 1
14 LN -1 -1 -1 -1 3 0

[TREE 25]
NB_NODES: 13
0 IN 1 6 9 0.5 0 -1
1 IN 2 5 10 0.5 1 -1
2 IN 3 4 17 0.5 2 -1
3 LN -1 -1 -1 -1 3 1
4 LN -1 -1 -1 -1 3 1
5 LN -1 -1 -1 -1 2 0
6 IN 7 10 64 0.5 1 -1
7 IN 8 9 0 0.5 2 -1
8 LN -1 -1 -1 -1 3 0
9 LN -1 -1 -1 -1 3 1
10 IN 11 12 55 0.5 2 -1
11 LN -1 -1 -1 -1 3 1
12 LN -1 -1 -1 -1 3 0

[TREE 26]
NB_NODES: 15
0 IN 1 8 26 0.5 0 -1
1 IN 2 5 3 0.5 1 -1
2 IN 3 4 8 0.5 2 -1
3 LN -1 -1 -1 -1 3 0
4 LN -1 -1 -1 -1 3 0
5 IN 6 7 1 0.5 2 -1
6 LN -1 -1 -1 -1 3 1
7 LN -1 -1 -1 -1 3 1
8 IN 9 12 24 0.5 1 -1
9 IN 10 11 13 0.5 2 -1
10 LN -1 -1 -1 -1 3 0
11 LN -1 -1 -1 -1 3 1
12 IN 13 14 49 0.5 2 -1
13 LN -1 -1 -1 -1 3 0
14 LN -1 -1 -1 -1 3 0

[TREE 27]
NB_NODES: 13
0 IN 1 8 32 0.5 0 -1
1 IN 2 5 62 0.5 1 -1
2 IN 3 4 31 0.5 2 -1
3 LN -1 -1 -1 -1 3 0
4 LN -1 -1 -1 -1 3 1
5 IN 6 7 26 0.5 2 -1
6 LN -1 -1 -1 -1 3 0
7 LN -1 -1 -1 -1 3 0
8 IN 9 10 0 0.5 1 -1
9 LN -1 -1 -1 -1 2 0
10 IN 11 12 3 0.5 2 -1
11 LN -1 -1 -1 -1 3 1
12 LN -1 -1 -1 -1 3 1

[TREE 28]
NB_NODES: 15
0 IN 1 8 3 0.5 0 -1
1 IN 2 5 24 0.5 1 -1
2 IN 3 4 34 0.5 2 -1
3 LN -1 -1 -1 -1 3 1
4 LN -1 -1 -1 -1 3 0
5 IN 6 7 71 0.5 2 -1
6 LN -1 -1 -1 -1 3 0
7 LN -1 -1 -1 -1 3 0
8 IN 9 12 32 0.5 1 -1
9 IN 10 11 24 0.5 2 -1
10 LN -1 -1 -1 -1 3 1
11 LN -1 -1 -1 -1 3 0
12 IN 13 14 27 0.5 2 -1
13 LN -1 -1 -1 -1 3 1
14 LN -1 -1 -1 -1 3 0

[TREE 29]
NB_NODES: 9
0 IN 1 2 0 0.5 0 -1
1 LN -1 -1 -1 -1 1 0
2 IN 3 6 9 0.5 1 -1
3 IN 4 5 41 0.5 2 -1
4 LN -1 -1 -1 -1 3 1
5 LN -1 -1 -1 -1 3 0
6 IN 7 8 62 0.5 2 -1
7 LN -1 -1 -1 -1 3 1
8 LN -1 -1 -1 -1 3 0

[TREE 30]
NB_NODES: 15
0 IN 1 8 2 0.5 0 -1
1 IN 2 5 21 0.5 1 -1
2 IN 3 4 32 0.5 2 -1
3 LN -1 -1 -1 -1 3 0
4 LN -1 -1 -1 -1 3 0
5 IN 6 7 12 0.5 2 -1
6 LN -1 -1 -1 -1 3 1
7 LN -1 -1 -1 -1 3 1
8 IN 9 12 7 0.5 1 -1
9 IN 10 11 48 0.5 2 -1
10 LN -1 -1 -1 -1 3 1
11 LN -1 -1 -1 -1 3 0
12 IN 13 14 30 0.5 2 -1
13 LN -1 -1 -1 -1 3 0
14 LN -1 -1 -1 -1 3 0

[TREE 31]
NB_NODES: 15
0 IN 1 8 62 0.5 0 -1
1 IN 2 5 3 0.5 1 -1
2 IN 3 4 57 0.5 2 -1
3 LN -1 -1 -1 -1 3 1
4 LN -1 -1 -1 -1 3 1
5 IN 6 7 41 0.5 2 -1
6 LN -1 -1 -1 -1 3 1
7 LN -1 -1 -1 -1 3 0
8 IN 9 12 52 0.5 1 -1
9 IN 10 11 12 0.5 2 -1
10 LN -1 -1 -1 -1 3 0
11 LN -1 -1 -1 -1 3 1
12 IN 13 14 13 0.5 2 -1
13 LN -1 -1 -1 -1 3 0
14 LN -1 -1 -1 -1 3 0

[TREE 32]
NB_NODES: 13
0 IN 1 8 24 0.5 0 -1
1 IN 2 5 3 0.5 1 -1
2 IN 3 4 55 0.5 2 -1
3 LN -1 -1 -1 -1 3 1
4 LN -1 -1 -1 -1 3 0
5 IN 6 7 66 0.5 2 -1
6 LN -1 -1 -1 -1 3 1
7 LN -1 -1 -1 -1 3 1
8 IN 9 12 65 0.5 1 -1
9 IN 10 11 19 0.5 2 -1
10 LN -1 -1 -1 -1 3 0
11 LN -1 -1 -1 -1 3 0
12 LN -1 -1 -1 -1 2 1

[TREE 33]
NB_NODES: 13
0 IN 1 8 24 0.5 0 -1
1 IN 2 5 46 0.5 1 -1
2 IN 3 4 8 0.5 2 -1
3 LN -1 -1 -1 -1 3 1
4 LN -1 -1 -1 -1 3 1
5 IN 6 7 9 0.5 2 -1
6 LN -1 -1 -1 -1 3 0
7 LN -1 -1 -1 -1 3 0
8 IN 9 10 16 0.5 1 -1
9 LN -1 -1 -1 -1 2 0
10 IN 11 12 53 0.5 2 -1
11 LN -1 -1 -1 -1 3 1
12 LN -1 -1 -1 -1 3 0

[TREE 34]
NB_NODES: 15
0 IN 1 8 2 0.5 0 -1
1 IN 2 5 13 0.5 1 -1
2 IN 3 4 22 0.5 2 -1
3 LN -1 -1 -1 -1 3 1
4 LN -1 -1 -1 -1 3 1
5 IN 6 7 22 0.5 2 -1
6 LN -1 -1 -1 -1 3 0
7 LN -1 -1 -1 -1 3 1
8 IN 9 12 27 0.5 1 -1
9 IN 10 11 20 0.5 2 -1
10 LN -1 -1 -1 -1 3 0
11 LN -1 -1 -1 -1 3 1
12 IN 13 14 19 0.5 2 -1
13 LN -1 -1 -1 -1 3 0
14 LN -1 -1 -1 -1 3 0

[TREE 35]
NB_NODES: 15
0 IN 1 8 32 0.5 0 -1
1 IN 2 5 55 0.5 1 -1
2 IN 3 4 59 0.5 2 -1
3 LN -1 -1 -1 -1 3 1
4 LN -1 -1 -1 -1 3 0
5 IN 6 7 34 0.5 2 -1
6 LN -1 -1 -1 -1 3 0
7 LN -1 -1 -1 -1 3 0
8 IN 9 12 1 0.5 1 -1
9 IN 10 11 16 0.5 2 -1
10 LN -1 -1 -1 -1 3 0
11 LN -1 -1 -1 -1 3 1
12 IN 13 14 36 0.5 2 -1
13 LN -1 -1 -1 -1 3 1
14 LN -1 -1 -1 -1 3 1

[TREE 36]
NB_NODES: 15
0 IN 1 8 32 0.5 0 -1
1 IN 2 5 24 0.5 1 -1
2 IN 3 4 37 0.5 2 -1
3 LN -1 -1 -1 -1 3 0
4 LN -1 -1 -1 -1 3 1
5 IN 6 7 10 0.5 2 -1
6 LN -1 -1 -1 -1 3 0
7 LN -1 -1 -1 -1 3 1
8 IN 9 12 3 0.5 1 -1
9 IN 10 11 5 0.5 2 -1
10 LN -1 -1 -1 -1 3 1
11 LN -1 -1 -1 -1 3 0
12 IN 13 14 2 0.5 2 -1
13 LN -1 -1 -1 -1 3 1
14 LN -1 -1 -1 -1 3 1

[TREE 37]
NB_NODES: 13
0 IN 1 8 1 0.5 0 -1
1 IN 2 5 70 0.5 1 -1
2 IN 3 4 21 0.5 2 -1
3 LN -1 -1 -1 -1 3 0
4 LN -1 -1 -1 -1 3 1
5 IN 6 7 47 0.5 2 -1
6 LN -1 -1 -1 -1 3 0
7 LN -1 -1 -1 -1 3 0
8 IN 9 10 0 0.5 1 -1
9 LN -1 -1 -1 -1 2 0
10 IN 11 12 46 0.5 2 -1
11 LN -1 -1 -1 -1 3 1
12 LN -1 -1 -1 -1 3 0

[TREE 38]
NB_NODES: 15
0 IN 1 8 66 0.5 0 -1
1 IN 2 5 60 0.5 1 -1
2 IN 3 4 22 0.5 2 -1
3 LN -1 -1 -1 -1 3 1
4 LN -1 -1 -1 -1 3 1
5 IN 6 7 41 0.5 2 -1
6 LN -1 -1 -1 -1 3 1
7 LN -1 -1 -1 -1 3 0
8 IN 9 12 36 0.5 1 -1
9 IN 10 11 47 0.5 2 -1
10 LN -1 -1 -1 -1 3 0
11 LN -1 -1 -1 -1 3 0
12 IN 13 14 18 0.5 2 -1
13 LN -1 -1 -1 -1 3 1
14 LN -1 -1 -1 -1 3 0

[TREE 39]
NB_NODES: 13
0 IN 1 6 2 0.5 0 -1
1 IN 2 3 0 0.5 1 -1
2 LN -1 -1 -1 -1 2 0
3 IN 4 5 18 0.5 2 -1
4 LN -1 -1 -1 -1 3 1
5 LN -1 -1 -1 -1 3 1
6 IN 7 10 32 0.5 1 -1
7 IN 8 9 19 0.5 2 -1
8 LN -1 -1 -1 -1 3 0
9 LN -1 -1 -1 -1 3 1
10 IN 11 12 3 0.5 2 -1
11 LN -1 -1 -1 -1 3 0
12 LN -1 -1 -1 -1 3 1

[TREE 40]
NB_NODES: 15
0 IN 1 8 50 0.5 0 -1
1 IN 2 5 10 0.5 1 -1
2 IN 3 4 30 0.5 2 -1
3 LN -1 -1 -1 -1 3 1
4 LN -1 -1 -1 -1 3 0
5 IN 6 7 2 0.5 2 -1
6 LN -1 -1 -1 -1 3 1
7 LN -1 -1 -1 -1 3 0
8 IN 9 12 32 0.5 1 -1
9 IN 10 11 9 0.5 2 -1
10 LN -1 -1 -1 -1 3 1
11 LN -1 -1 -1 -1 3 0
12 IN 13 14 13 0.5 2 -1
13 LN -1 -1 -1 -1 3 0
14 LN -1 -1 -1 -1 3 0

[TREE 41]
NB_NODES: 13
0 IN 1 8 14 0.5 0 -1
1 IN 2 5 3 0.5 1 -1
2 IN 3 4 62 0.5 2 -1
3 LN -1 -1 -1 -1 3 1
4 LN -1 -1 -1 -1 3 0
5 IN 6 7 62 0.5 2 -1
6 LN -1 -1 -1 -1 3 1
7 LN -1 -1 -1 -1 3 1
8 IN 9 10 3 0.5 1 -1
9 LN -1 -1 -1 -1 2 0
10 IN 11 12 33 0.5 2 -1
11 LN -1 -1 -1 -1 3 0
12 LN -1 -1 -1 -1 3 0

[TREE 42]
NB_NODES: 15
0 IN 1 8 40 0.5 0 -1
1 IN 2 5 14 0.5 1 -1
2 IN 3 4 16 0.5 2 -1
3 LN -1 -1 -1 -1 3 0
4 LN -1 -1 -1 -1 3 1
5 IN 6 7 1 0.5 2 -1
6 LN -1 -1 -1 -1 3 0
7 LN -1 -1 -1 -1 3 0
8 IN 9 12 59 0.5 1 -1
9 IN 10 11 65 0.5 2 -1
10 LN -1 -1 -1 -1 3 0
11 LN -1 -1 -1 -1 3 1
12 IN 13 14 55 0.5 2 -1
13 LN -1 -1 -1 -1 3 0
14 LN -1 -1 -1 -1 3 0

[TREE 43]
NB_NODES: 15
0 IN 1 8 3 0.5 0 -1
1 IN 2 5 40 0.5 1 -1
2 IN 3 4 42 0.5 2 -1
3 LN -1 -1 -1 -1 3 1
4 LN -1 -1 -1 -1 3 0
5 IN 6 7 15 0.5 2 -1
6 LN -1 -1 -1 -1 3 0
7 LN -1 -1 -1 -1 3 0
8 IN 9 12 20 0.5 1 -1
9 IN 10 11 34 0.5 2 -1
10 LN -1 -1 -1 -1 3 1
11 LN -1 -1 -1 -1 3 0
12 IN 13 14 24 0.5 2 -1
13 LN -1 -1 -1 -1 3 1
14 LN -1 -1 -1 -1 3 0

[TREE 44]
NB_NODES: 15
0 IN 1 8 3 0.5 0 -1
1 IN 2 5 50 0.5 1 -1
2 IN 3 4 8 0.5 2 -1
3 LN -1 -1 -1 -1 3 1
4 LN -1 -1 -1 -1 3 0
5 IN 6 7 12 0.5 2 -1
6 LN -1 -1 -1 -1 3 0
7 LN -1 -1 -1 -1 3 0
8 IN 9 12 12 0.5 1 -1
9 IN 10 11 24 0.5 2 -1
10 LN -1 -1 -1 -1 3 1
11 LN -1 -1 -1 -1 3 0
12 IN 13 14 71 0.5 2 -1
13 LN -1 -1 -1 -1 3 1
14 LN -1 -1 -1 -1 3 1

[TREE 45]
NB_NODES: 15
0 IN 1 8 63 0.5 0 -1
1 IN 2 5 12 0.5 1 -1
2 IN 3 4 40 0.5 2 -1
3 LN -1 -1 -1 -1 3 1
4 LN -1 -1 -1 -1 3 0
5 IN 6 7 57 0.5 2 -1
6 LN -1 -1 -1 -1 3 0
7 LN -1 -1 -1 -1 3 1
8 IN 9 12 36 0.5 1 -1
9 IN 10 11 3 0.5 2 -1
10 LN -1 -1 -1 -1 3 0
11 LN -1 -1 -1 -1 3 1
12 IN 13 14 24 0.5 2 -1
13 LN -1 -1 -1 -1 3 1
14 LN -1 -1 -1 -1 3 0

[TREE 46]
NB_NODES: 15
0 IN 1 8 3 0.5 0 -1
1 IN 2 5 70 0.5 1 -1
2 IN 3 4 35 0.5 2 -1
3 LN -1 -1 -1 -1 3 0
4 LN -1 -1 -1 -1 3 1
5 IN 6 7 1 0.5 2 -1
6 LN -1 -1 -1 -1 3 0
7 LN -1 -1 -1 -1 3 1
8 IN 9 12 14 0.5 1 -1
9 IN 10 11 1 0.5 2 -1
10 LN -1 -1 -1 -1 3 1
11 LN -1 -1 -1 -1 3 1
12 IN 13 14 47 0.5 2 -1
13 LN -1 -1 -1 -1 3 0
14 LN -1 -1 -1 -1 3 0

[TREE 47]
NB_NODES: 15
0 IN 1 8 20 0.5 0 -1
1 IN 2 5 17 0.5 1 -1
2 IN 3 4 45 0.5 2 -1
3 LN -1 -1 -1 -1 3 1
4 LN -1 -1 -1 -1 3 1
5 IN 6 7 48 0.5 2 -1
6 LN -1 -1 -1 -1 3 0
7 LN -1 -1 -1 -1 3 0
8 IN 9 12 49 0.5 1 -1
9 IN 10 11 52 0.5 2 -1
10 LN -1 -1 -1 -1 3 1
11 LN -1 -1 -1 -1 3 1
12 IN 13 14 24 0.5 2 -1
13 LN -1 -1 -1 -1 3 1
14 LN -1 -1 -1 -1 3 0

[TREE 48]
NB_NODES: 15
0 IN 1 8 1 0.5 0 -1
1 IN 2 5 26 0.5 1 -1
2 IN 3 4 0 0.5 2 -1
3 LN -1 -1 -1 -1 3 0
4 LN -1 -1 -1 -1 3 1
5 IN 6 7 19 0.5 2 -1
6 LN -1 -1 -1 -1 3 0
7 LN -1 -1 -1 -1 3 0
8 IN 9 12 40 0.5 1 -1
9 IN 10 11 0 0.5 2 -1
10 LN -1 -1 -1 -1 3 0
11 LN -1 -1 -1 -1 3 1
12 IN 13 14 57 0.5 2 -1
13 LN -1 -1 -1 -1 3 0
14 LN -1 -1 -1 -1 3 1

[TREE 49]
NB_NODES: 15
0 IN 1 8 55 0.5 0 -1
1 IN 2 5 1 0.5 1 -1
2 IN 3 4 57 0.5 2 -1
3 LN -1 -1 -1 -1 3 0
4 LN -1 -1 -1 -1 3 1
5 IN 6 7 12 0.5 2 -1
6 LN -1 -1 -1 -1 3 1
7 LN -1 -1 -1 -1 3 1
8 IN 9 12 20 0.5 1 -1
9 IN 10 11 47 0.5 2 -1
10 LN -1 -1 -1 -1 3 0
11 LN -1 -1 -1 -1 3 0
12 IN 13 14 16 0.5 2 -1
13 LN -1 -1 -1 -1 3 0
14 LN -1 -1 -1 -1 3 1
