DATASET_NAME: german_0training_data.csv
ENSEMBLE: RF
NB_TREES: 100
NB_FEATURES: 109
NB_CLASSES: 2
MAX_TREE_DEPTH: 5
Format: node / node type (LN - leave node, IN - internal node) left child / right child / feature / threshold / node_depth / majority class (starts with index 0)

[TREE 0]
NB_NODES: 35
0 IN 1 20 0 0.5 0 -1
1 IN 2 15 5 0.5 1 -1
2 IN 3 10 2 0.5 2 -1
3 IN 4 7 23 0.5 3 -1
4 IN 5 6 26 0.5 4 -1
5 LN -1 -1 -1 -1 5 0
6 LN -1 -1 -1 -1 5 1
7 IN 8 9 48 0.5 4 -1
8 LN -1 -1 -1 -1 5 0
9 LN -1 -1 -1 -1 5 0
10 IN 11 14 27 0.5 3 -1
11 IN 12 13 100 0.5 4 -1
12 LN -1 -1 -1 -1 5 0
13 LN -1 -1 -1 -1 5 1
14 LN -1 -1 -1 -1 4 1
15 IN 16 19 85 0.5 2 -1
16 IN 17 18 6 0.5 3 -1
17 LN -1 -1 -1 -1 4 0
18 LN -1 -1 -1 -1 4 1
19 LN -1 -1 -1 -1 3 0
20 IN 21 28 11 0.5 1 -1
21 IN 22 23 74 0.5 2 -1
22 LN -1 -1 -1 -1 3 0
23 IN 24 27 55 0.5 3 -1
24 IN 25 26 31 0.5 4 -1
25 LN -1 -1 -1 -1 5 0
26 LN -1 -1 -1 -1 5 0
27 LN -1 -1 -1 -1 4 0
28 IN 29 30 42 0.5 2 -1
29 LN -1 -1 -1 -1 3 0
30 IN 31 34 72 0.5 3 -1
31 IN 32 33 55 0.5 4 -1
32 LN -1 -1 -1 -1 5 0
33 LN -1 -1 -1 -1 5 0
34 LN -1 -1 -1 -1 4 0

[TREE 1]
NB_NODES: 29
0 IN 1 16 77 0.5 0 -1
1 IN 2 9 54 0.5 1 -1
2 IN 3 8 12 0.5 2 -1
3 IN 4 7 27 0.5 3 -1
4 IN 5 6 36 0.5 4 -1
5 LN -1 -1 -1 -1 5 0
6 LN -1 -1 -1 -1 5 1
7 LN -1 -1 -1 -1 4 0
8 LN -1 -1 -1 -1 3 0
9 IN 10 11 94 0.5 2 -1
10 LN -1 -1 -1 -1 3 0
11 IN 12 13 10 0.5 3 -1
12 LN -1 -1 -1 -1 4 0
13 IN 14 15 56 0.5 4 -1
14 LN -1 -1 -1 -1 5 0
15 LN -1 -1 -1 -1 5 0
16 IN 17 26 19 0.5 1 -1
17 IN 18 25 93 0.5 2 -1
18 IN 19 22 69 0.5 3 -1
19 IN 20 21 103 0.5 4 -1
20 LN -1 -1 -1 -1 5 0
21 LN -1 -1 -1 -1 5 0
22 IN 23 24 11 0.5 4 -1
23 LN -1 -1 -1 -1 5 0
24 LN -1 -1 -1 -1 5 0
25 LN -1 -1 -1 -1 3 0
26 IN 27 28 68 0.5 2 -1
27 LN -1 -1 -1 -1 3 1
28 LN -1 -1 -1 -1 3 0

[TREE 2]
NB_NODES: 31
0 IN 1 22 55 0.5 0 -1
1 IN 2 13 82 0.5 1 -1
2 IN 3 8 0 0.5 2 -1
3 IN 4 7 28 0.5 3 -1
4 IN 5 6 105 0.5 4 -1
5 LN -1 -1 -1 -1 5 0
6 LN -1 -1 -1 -1 5 1
7 LN -1 -1 -1 -1 4 0
8 IN 9 12 47 0.5 3 -1
9 IN 10 11 57 0.5 4 -1
10 LN -1 -1 -1 -1 5 0
11 LN -1 -1 -1 -1 5 0
12 LN -1 -1 -1 -1 4 0
13 IN 14 19 2 0.5 2 -1
14 IN 15 18 20 0.5 3 -1
15 IN 16 17 7 0.5 4 -1
16 LN -1 -1 -1 -1 5 0
17 LN -1 -1 -1 -1 5 0
18 LN -1 -1 -1 -1 4 1
19 IN 20 21 53 0.5 3 -1
20 LN -1 -1 -1 -1 4 0
21 LN -1 -1 -1 -1 4 1
22 IN 23 24 25 0.5 1 -1
23 LN -1 -1 -1 -1 2 0
24 IN 25 26 12 0.5 2 -1
25 LN -1 -1 -1 -1 3 0
26 IN 27 28 44 0.5 3 -1
27 LN -1 -1 -1 -1 4 0
28 IN 29 30 27 0.5 4 -1
29 LN -1 -1 -1 -1 5 0
30 LN -1 -1 -1 -1 5 0

[TREE 3]
NB_NODES: 29
0 IN 1 10 92 0.5 0 -1
1 IN 2 9 76 0.5 1 -1
2 IN 3 8 97 0.5 2 -1
3 IN 4 5 43 0.5 3 -1
4 LN -1 -1 -1 -1 4 0
5 IN 6 7 6 0.5 4 -1
6 LN -1 -1 -1 -1 5 0
7 LN -1 -1 -1 -1 5 0
8 LN -1 -1 -1 -1 3 1
9 LN -1 -1 -1 -1 2 0
10 IN 11 22 51 0.5 1 -1
11 IN 12 17 43 0.5 2 -1
12 IN 13 14 75 0.5 3 -1
13 LN -1 -1 -1 -1 4 0
14 IN 15 16 72 0.5 4 -1
15 LN -1 -1 -1 -1 5 0
16 LN -1 -1 -1 -1 5 0
17 IN 18 21 14 0.5 3 -1
18 IN 19 20 40 0.5 4 -1
19 LN -1 -1 -1 -1 5 0
20 LN -1 -1 -1 -1 5 0
21 LN -1 -1 -1 -1 4 0
22 IN 23 24 89 0.5 2 -1
23 LN -1 -1 -1 -1 3 0
24 IN 25 26 25 0.5 3 -1
25 LN -1 -1 -1 -1 4 0
26 IN 27 28 79 0.5 4 -1
27 LN -1 -1 -1 -1 5 0
28 LN -1 -1 -1 -1 5 1

[TREE 4]
NB_NODES: 33
0 IN 1 18 90 0.5 0 -1
1 IN 2 15 19 0.5 1 -1
2 IN 3 8 92 0.5 2 -1
3 IN 4 5 47 0.5 3 -1
4 LN -1 -1 -1 -1 4 0
5 IN 6 7 80 0.5 4 -1
6 LN -1 -1 -1 -1 5 0
7 LN -1 -1 -1 -1 5 0
8 IN 9 12 0 0.5 3 -1
9 IN 10 11 2 0.5 4 -1
10 LN -1 -1 -1 -1 5 0
11 LN -1 -1 -1 -1 5 0
12 IN 13 14 104 0.5 4 -1
13 LN -1 -1 -1 -1 5 0
14 LN -1 -1 -1 -1 5 0
15 IN 16 17 40 0.5 2 -1
16 LN -1 -1 -1 -1 3 1
17 LN -1 -1 -1 -1 3 0
18 IN 19 26 0 0.5 1 -1
19 IN 20 21 94 0.5 2 -1
20 LN -1 -1 -1 -1 3 0
21 IN 22 23 77 0.5 3 -1
22 LN -1 -1 -1 -1 4 1
23 IN 24 25 85 0.5 4 -1
24 LN -1 -1 -1 -1 5 0
25 LN -1 -1 -1 -1 5 0
26 IN 27 32 43 0.5 2 -1
27 IN 28 31 58 0.5 3 -1
28 IN 29 30 29 0.5 4 -1
29 LN -1 -1 -1 -1 5 0
30 LN -1 -1 -1 -1 5 1
31 LN -1 -1 -1 -1 4 0
32 LN -1 -1 -1 -1 3 0

[TREE 5]
NB_NODES: 39
0 IN 1 22 0 0.5 0 -1
1 IN 2 9 1 0.5 1 -1
2 IN 3 4 45 0.5 2 -1
3 LN -1 -1 -1 -1 3 0
4 IN 5 6 15 0.5 3 -1
5 LN -1 -1 -1 -1 4 0
6 IN 7 8 10 0.5 4 -1
7 LN -1 -1 -1 -1 5 0
8 LN -1 -1 -1 -1 5 0
9 IN 10 15 90 0.5 2 -1
10 IN 11 14 40 0.5 3 -1
11 IN 12 13 23 0.5 4 -1
12 LN -1 -1 -1 -1 5 1
13 LN -1 -1 -1 -1 5 0
14 LN -1 -1 -1 -1 4 0
15 IN 16 19 45 0.5 3 -1
16 IN 17 18 71 0.5 4 -1
17 LN -1 -1 -1 -1 5 1
18 LN -1 -1 -1 -1 5 0
19 IN 20 21 77 0.5 4 -1
20 LN -1 -1 -1 -1 5 1
21 LN -1 -1 -1 -1 5 0
22 IN 23 30 25 0.5 1 -1
23 IN 24 25 32 0.5 2 -1
24 LN -1 -1 -1 -1 3 0
25 IN 26 27 68 0.5 3 -1
26 LN -1 -1 -1 -1 4 0
27 IN 28 29 30 0.5 4 -1
28 LN -1 -1 -1 -1 5 0
29 LN -1 -1 -1 -1 5 1
30 IN 31 38 105 0.5 2 -1
31 IN 32 35 1 0.5 3 -1
32 IN 33 34 40 0.5 4 -1
33 LN -1 -1 -1 -1 5 0
34 LN -1 -1 -1 -1 5 0
35 IN 36 37 35 0.5 4 -1
36 LN -1 -1 -1 -1 5 1
37 LN -1 -1 -1 -1 5 0
38 LN -1 -1 -1 -1 3 0

[TREE 6]
NB_NODES: 33
0 IN 1 10 99 0.5 0 -1
1 IN 2 3 10 0.5 1 -1
2 LN -1 -1 -1 -1 2 0
3 IN 4 9 20 0.5 2 -1
4 IN 5 6 54 0.5 3 -1
5 LN -1 -1 -1 -1 4 0
6 IN 7 8 96 0.5 4 -1
7 LN -1 -1 -1 -1 5 0
8 LN -1 -1 -1 -1 5 1
9 LN -1 -1 -1 -1 3 1
10 IN 11 20 41 0.5 1 -1
11 IN 12 19 35 0.5 2 -1
12 IN 13 16 30 0.5 3 -1
13 IN 14 15 51 0.5 4 -1
14 LN -1 -1 -1 -1 5 0
15 LN -1 -1 -1 -1 5 0
16 IN 17 18 18 0.5 4 -1
17 LN -1 -1 -1 -1 5 1
18 LN -1 -1 -1 -1 5 0
19 LN -1 -1 -1 -1 3 0
20 IN 21 28 37 0.5 2 -1
21 IN 22 25 32 0.5 3 -1
22 IN 23 24 66 0.5 4 -1
23 LN -1 -1 -1 -1 5 0
24 LN -1 -1 -1 -1 5 0
25 IN 26 27 0 0.5 4 -1
26 LN -1 -1 -1 -1 5 1
27 LN -1 -1 -1 -1 5 0
28 IN 29 32 63 0.5 3 -1
29 IN 30 31 79 0.5 4 -1
30 LN -1 -1 -1 -1 5 0
31 LN -1 -1 -1 -1 5 0
32 LN -1 -1 -1 -1 4 0

[TREE 7]
NB_NODES: 37
0 IN 1 14 59 0.5 0 -1
1 IN 2 9 3 0.5 1 -1
2 IN 3 4 57 0.5 2 -1
3 LN -1 -1 -1 -1 3 0
4 IN 5 8 82 0.5 3 -1
5 IN 6 7 83 0.5 4 -1
6 LN -1 -1 -1 -1 5 1
7 LN -1 -1 -1 -1 5 0
8 LN -1 -1 -1 -1 4 0
9 IN 10 11 108 0.5 2 -1
10 LN -1 -1 -1 -1 3 0
11 IN 12 13 55 0.5 3 -1
12 LN -1 -1 -1 -1 4 1
13 LN -1 -1 -1 -1 4 0
14 IN 15 30 62 0.5 1 -1
15 IN 16 23 0 0.5 2 -1
16 IN 17 20 17 0.5 3 -1
17 IN 18 19 71 0.5 4 -1
18 LN -1 -1 -1 -1 5 0
19 LN -1 -1 -1 -1 5 0
20 IN 21 22 73 0.5 4 -1
21 LN -1 -1 -1 -1 5 1
22 LN -1 -1 -1 -1 5 0
23 IN 24 27 43 0.5 3 -1
24 IN 25 26 98 0.5 4 -1
25 LN -1 -1 -1 -1 5 0
26 LN -1 -1 -1 -1 5 0
27 IN 28 29 97 0.5 4 -1
28 LN -1 -1 -1 -1 5 0
29 LN -1 -1 -1 -1 5 0
30 IN 31 36 0 0.5 2 -1
31 IN 32 33 78 0.5 3 -1
32 LN -1 -1 -1 -1 4 0
33 IN 34 35 2 0.5 4 -1
34 LN -1 -1 -1 -1 5 0
35 LN -1 -1 -1 -1 5 1
36 LN -1 -1 -1 -1 3 0

[TREE 8]
NB_NODES: 31
0 IN 1 24 62 0.5 0 -1
1 IN 2 15 58 0.5 1 -1
2 IN 3 8 31 0.5 2 -1
3 IN 4 5 107 0.5 3 -1
4 LN -1 -1 -1 -1 4 0
5 IN 6 7 103 0.5 4 -1
6 LN -1 -1 -1 -1 5 0
7 LN -1 -1 -1 -1 5 0
8 IN 9 12 28 0.5 3 -1
9 IN 10 11 54 0.5 4 -1
10 LN -1 -1 -1 -1 5 1
11 LN -1 -1 -1 -1 5 0
12 IN 13 14 29 0.5 4 -1
13 LN -1 -1 -1 -1 5 0
14 LN -1 -1 -1 -1 5 1
15 IN 16 23 82 0.5 2 -1
16 IN 17 20 43 0.5 3 -1
17 IN 18 19 33 0.5 4 -1
18 LN -1 -1 -1 -1 5 0
19 LN -1 -1 -1 -1 5 1
20 IN 21 22 1 0.5 4 -1
21 LN -1 -1 -1 -1 5 0
22 LN -1 -1 -1 -1 5 0
23 LN -1 -1 -1 -1 3 0
24 IN 25 30 80 0.5 1 -1
25 IN 26 27 36 0.5 2 -1
26 LN -1 -1 -1 -1 3 0
27 IN 28 29 16 0.5 3 -1
28 LN -1 -1 -1 -1 4 0
29 LN -1 -1 -1 -1 4 1
30 LN -1 -1 -1 -1 2 0

[TREE 9]
NB_NODES: 35
0 IN 1 22 93 0.5 0 -1
1 IN 2 15 0 0.5 1 -1
2 IN 3 8 10 0.5 2 -1
3 IN 4 5 108 0.5 3 -1
4 LN -1 -1 -1 -1 4 0
5 IN 6 7 2 0.5 4 -1
6 LN -1 -1 -1 -1 5 0
7 LN -1 -1 -1 -1 5 1
8 IN 9 12 15 0.5 3 -1
9 IN 10 11 85 0.5 4 -1
10 LN -1 -1 -1 -1 5 0
11 LN -1 -1 -1 -1 5 1
12 IN 13 14 7 0.5 4 -1
13 LN -1 -1 -1 -1 5 0
14 LN -1 -1 -1 -1 5 1
15 IN 16 17 91 0.5 2 -1
16 LN -1 -1 -1 -1 3 0
17 IN 18 19 25 0.5 3 -1
18 LN -1 -1 -1 -1 4 0
19 IN 20 21 36 0.5 4 -1
20 LN -1 -1 -1 -1 5 0
21 LN -1 -1 -1 -1 5 1
22 IN 23 30 9 0.5 1 -1
23 IN 24 29 18 0.5 2 -1
24 IN 25 26 59 0.5 3 -1
25 LN -1 -1 -1 -1 4 0
26 IN 27 28 43 0.5 4 -1
27 LN -1 -1 -1 -1 5 0
28 LN -1 -1 -1 -1 5 0
29 LN -1 -1 -1 -1 3 0
30 IN 31 34 85 0.5 2 -1
31 IN 32 33 41 0.5 3 -1
32 LN -1 -1 -1 -1 4 0
33 LN -1 -1 -1 -1 4 1
34 LN -1 -1 -1 -1 3 0

[TREE 10]
NB_NODES: 35
0 IN 1 14 99 0.5 0 -1
1 IN 2 9 20 0.5 1 -1
2 IN 3 4 31 0.5 2 -1
3 LN -1 -1 -1 -1 3 0
4 IN 5 8 48 0.5 3 -1
5 IN 6 7 18 0.5 4 -1
6 LN -1 -1 -1 -1 5 1
7 LN -1 -1 -1 -1 5 0
8 LN -1 -1 -1 -1 4 0
9 IN 10 13 68 0.5 2 -1
10 IN 11 12 17 0.5 3 -1
11 LN -1 -1 -1 -1 4 0
12 LN -1 -1 -1 -1 4 1
13 LN -1 -1 -1 -1 3 1
14 IN 15 28 55 0.5 1 -1
15 IN 16 21 11 0.5 2 -1
16 IN 17 18 74 0.5 3 -1
17 LN -1 -1 -1 -1 4 0
18 IN 19 20 103 0.5 4 -1
19 LN -1 -1 -1 -1 5 0
20 LN -1 -1 -1 -1 5 0
21 IN 22 25 56 0.5 3 -1
22 IN 23 24 36 0.5 4 -1
23 LN -1 -1 -1 -1 5 0
24 LN -1 -1 -1 -1 5 1
25 IN 26 27 83 0.5 4 -1
26 LN -1 -1 -1 -1 5 0
27 LN -1 -1 -1 -1 5 0
28 IN 29 30 33 0.5 2 -1
29 LN -1 -1 -1 -1 3 0
30 IN 31 32 61 0.5 3 -1
31 LN -1 -1 -1 -1 4 0
32 IN 33 34 34 0.5 4 -1
33 LN -1 -1 -1 -1 5 0
34 LN -1 -1 -1 -1 5 0

[TREE 11]
NB_NODES: 27
0 IN 1 18 42 0.5 0 -1
1 IN 2 9 45 0.5 1 -1
2 IN 3 8 88 0.5 2 -1
3 IN 4 7 92 0.5 3 -1
4 IN 5 6 80 0.5 4 -1
5 LN -1 -1 -1 -1 5 0
6 LN -1 -1 -1 -1 5 0
7 LN -1 -1 -1 -1 4 0
8 LN -1 -1 -1 -1 3 0
9 IN 10 11 67 0.5 2 -1
10 LN -1 -1 -1 -1 3 0
11 IN 12 15 3 0.5 3 -1
12 IN 13 14 41 0.5 4 -1
13 LN -1 -1 -1 -1 5 0
14 LN -1 -1 -1 -1 5 0
15 IN 16 17 77 0.5 4 -1
16 LN -1 -1 -1 -1 5 1
17 LN -1 -1 -1 -1 5 0
18 IN 19 26 82 0.5 1 -1
19 IN 20 21 30 0.5 2 -1
20 LN -1 -1 -1 -1 3 0
21 IN 22 25 43 0.5 3 -1
22 IN 23 24 7 0.5 4 -1
23 LN -1 -1 -1 -1 5 0
24 LN -1 -1 -1 -1 5 0
25 LN -1 -1 -1 -1 4 0
26 LN -1 -1 -1 -1 2 0

[TREE 12]
NB_NODES: 29
0 IN 1 10 54 0.5 0 -1
1 IN 2 9 108 0.5 1 -1
2 IN 3 8 27 0.5 2 -1
3 IN 4 7 70 0.5 3 -1
4 IN 5 6 88 0.5 4 -1
5 LN -1 -1 -1 -1 5 1
6 LN -1 -1 -1 -1 5 0
7 LN -1 -1 -1 -1 4 1
8 LN -1 -1 -1 -1 3 0
9 LN -1 -1 -1 -1 2 0
10 IN 11 18 15 0.5 1 -1
11 IN 12 13 5 0.5 2 -1
12 LN -1 -1 -1 -1 3 0
13 IN 14 15 0 0.5 3 -1
14 LN -1 -1 -1 -1 4 1
15 IN 16 17 87 0.5 4 -1
16 LN -1 -1 -1 -1 5 0
17 LN -1 -1 -1 -1 5 0
18 IN 19 24 35 0.5 2 -1
19 IN 20 23 28 0.5 3 -1
20 IN 21 22 91 0.5 4 -1
21 LN -1 -1 -1 -1 5 0
22 LN -1 -1 -1 -1 5 1
23 LN -1 -1 -1 -1 4 0
24 IN 25 28 51 0.5 3 -1
25 IN 26 27 38 0.5 4 -1
26 LN -1 -1 -1 -1 5 0
27 LN -1 -1 -1 -1 5 0
28 LN -1 -1 -1 -1 4 0

[TREE 13]
NB_NODES: 37
0 IN 1 24 84 0.5 0 -1
1 IN 2 9 8 0.5 1 -1
2 IN 3 4 17 0.5 2 -1
3 LN -1 -1 -1 -1 3 0
4 IN 5 8 105 0.5 3 -1
5 IN 6 7 11 0.5 4 -1
6 LN -1 -1 -1 -1 5 0
7 LN -1 -1 -1 -1 5 0
8 LN -1 -1 -1 -1 4 0
9 IN 10 17 25 0.5 2 -1
10 IN 11 14 57 0.5 3 -1
11 IN 12 13 31 0.5 4 -1
12 LN -1 -1 -1 -1 5 0
13 LN -1 -1 -1 -1 5 0
14 IN 15 16 102 0.5 4 -1
15 LN -1 -1 -1 -1 5 0
16 LN -1 -1 -1 -1 5 0
17 IN 18 21 82 0.5 3 -1
18 IN 19 20 92 0.5 4 -1
19 LN -1 -1 -1 -1 5 1
20 LN -1 -1 -1 -1 5 1
21 IN 22 23 0 0.5 4 -1
22 LN -1 -1 -1 -1 5 0
23 LN -1 -1 -1 -1 5 0
24 IN 25 36 43 0.5 1 -1
25 IN 26 31 10 0.5 2 -1
26 IN 27 28 53 0.5 3 -1
27 LN -1 -1 -1 -1 4 0
28 IN 29 30 40 0.5 4 -1
29 LN -1 -1 -1 -1 5 0
30 LN -1 -1 -1 -1 5 0
31 IN 32 33 40 0.5 3 -1
32 LN -1 -1 -1 -1 4 0
33 IN 34 35 46 0.5 4 -1
34 LN -1 -1 -1 -1 5 0
35 LN -1 -1 -1 -1 5 1
36 LN -1 -1 -1 -1 2 0

[TREE 14]
NB_NODES: 37
0 IN 1 14 99 0.5 0 -1
1 IN 2 3 72 0.5 1 -1
2 LN -1 -1 -1 -1 2 0
3 IN 4 9 60 0.5 2 -1
4 IN 5 8 81 0.5 3 -1
5 IN 6 7 26 0.5 4 -1
6 LN -1 -1 -1 -1 5 0
7 LN -1 -1 -1 -1 5 1
8 LN -1 -1 -1 -1 4 0
9 IN 10 11 10 0.5 3 -1
10 LN -1 -1 -1 -1 4 0
11 IN 12 13 31 0.5 4 -1
12 LN -1 -1 -1 -1 5 0
13 LN -1 -1 -1 -1 5 1
14 IN 15 28 55 0.5 1 -1
15 IN 16 23 28 0.5 2 -1
16 IN 17 20 15 0.5 3 -1
17 IN 18 19 25 0.5 4 -1
18 LN -1 -1 -1 -1 5 0
19 LN -1 -1 -1 -1 5 1
20 IN 21 22 39 0.5 4 -1
21 LN -1 -1 -1 -1 5 0
22 LN -1 -1 -1 -1 5 0
23 IN 24 25 1 0.5 3 -1
24 LN -1 -1 -1 -1 4 0
25 IN 26 27 76 0.5 4 -1
26 LN -1 -1 -1 -1 5 0
27 LN -1 -1 -1 -1 5 0
28 IN 29 34 9 0.5 2 -1
29 IN 30 31 79 0.5 3 -1
30 LN -1 -1 -1 -1 4 0
31 IN 32 33 44 0.5 4 -1
32 LN -1 -1 -1 -1 5 0
33 LN -1 -1 -1 -1 5 0
34 IN 35 36 8 0.5 3 -1
35 LN -1 -1 -1 -1 4 1
36 LN -1 -1 -1 -1 4 0

[TREE 15]
NB_NODES: 43
0 IN 1 20 2 0.5 0 -1
1 IN 2 13 77 0.5 1 -1
2 IN 3 8 17 0.5 2 -1
3 IN 4 7 88 0.5 3 -1
4 IN 5 6 16 0.5 4 -1
5 LN -1 -1 -1 -1 5 0
6 LN -1 -1 -1 -1 5 1
7 LN -1 -1 -1 -1 4 0
8 IN 9 12 68 0.5 3 -1
9 IN 10 11 62 0.5 4 -1
10 LN -1 -1 -1 -1 5 1
11 LN -1 -1 -1 -1 5 0
12 LN -1 -1 -1 -1 4 0
13 IN 14 15 14 0.5 2 -1
14 LN -1 -1 -1 -1 3 0
15 IN 16 17 76 0.5 3 -1
16 LN -1 -1 -1 -1 4 0
17 IN 18 19 28 0.5 4 -1
18 LN -1 -1 -1 -1 5 0
19 LN -1 -1 -1 -1 5 1
20 IN 21 32 1 0.5 1 -1
21 IN 22 27 25 0.5 2 -1
22 IN 23 24 36 0.5 3 -1
23 LN -1 -1 -1 -1 4 0
24 IN 25 26 87 0.5 4 -1
25 LN -1 -1 -1 -1 5 0
26 LN -1 -1 -1 -1 5 0
27 IN 28 31 9 0.5 3 -1
28 IN 29 30 12 0.5 4 -1
29 LN -1 -1 -1 -1 5 0
30 LN -1 -1 -1 -1 5 0
31 LN -1 -1 -1 -1 4 1
32 IN 33 38 25 0.5 2 -1
33 IN 34 37 43 0.5 3 -1
34 IN 35 36 7 0.5 4 -1
35 LN -1 -1 -1 -1 5 0
36 LN -1 -1 -1 -1 5 0
37 LN -1 -1 -1 -1 4 0
38 IN 39 42 42 0.5 3 -1
39 IN 40 41 41 0.5 4 -1
40 LN -1 -1 -1 -1 5 0
41 LN -1 -1 -1 -1 5 1
42 LN -1 -1 -1 -1 4 0

[TREE 16]
NB_NODES: 29
0 IN 1 24 19 0.5 0 -1
1 IN 2 13 43 0.5 1 -1
2 IN 3 8 0 0.5 2 -1
3 IN 4 5 75 0.5 3 -1
4 LN -1 -1 -1 -1 4 0
5 IN 6 7 16 0.5 4 -1
6 LN -1 -1 -1 -1 5 0
7 LN -1 -1 -1 -1 5 1
8 IN 9 12 15 0.5 3 -1
9 IN 10 11 53 0.5 4 -1
10 LN -1 -1 -1 -1 5 0
11 LN -1 -1 -1 -1 5 0
12 LN -1 -1 -1 -1 4 0
13 IN 14 19 77 0.5 2 -1
14 IN 15 18 0 0.5 3 -1
15 IN 16 17 23 0.5 4 -1
16 LN -1 -1 -1 -1 5 0
17 LN -1 -1 -1 -1 5 1
18 LN -1 -1 -1 -1 4 0
19 IN 20 23 93 0.5 3 -1
20 IN 21 22 30 0.5 4 -1
21 LN -1 -1 -1 -1 5 0
22 LN -1 -1 -1 -1 5 0
23 LN -1 -1 -1 -1 4 0
24 IN 25 28 82 0.5 1 -1
25 IN 26 27 62 0.5 2 -1
26 LN -1 -1 -1 -1 3 1
27 LN -1 -1 -1 -1 3 0
28 LN -1 -1 -1 -1 2 0

[TREE 17]
NB_NODES: 35
0 IN 1 18 0 0.5 0 -1
1 IN 2 9 60 0.5 1 -1
2 IN 3 4 16 0.5 2 -1
3 LN -1 -1 -1 -1 3 0
4 IN 5 8 96 0.5 3 -1
5 IN 6 7 31 0.5 4 -1
6 LN -1 -1 -1 -1 5 0
7 LN -1 -1 -1 -1 5 1
8 LN -1 -1 -1 -1 4 0
9 IN 10 17 32 0.5 2 -1
10 IN 11 14 36 0.5 3 -1
11 IN 12 13 107 0.5 4 -1
12 LN -1 -1 -1 -1 5 0
13 LN -1 -1 -1 -1 5 0
14 IN 15 16 77 0.5 4 -1
15 LN -1 -1 -1 -1 5 1
16 LN -1 -1 -1 -1 5 0
17 LN -1 -1 -1 -1 3 1
18 IN 19 28 49 0.5 1 -1
19 IN 20 27 48 0.5 2 -1
20 IN 21 24 7 0.5 3 -1
21 IN 22 23 61 0.5 4 -1
22 LN -1 -1 -1 -1 5 0
23 LN -1 -1 -1 -1 5 0
24 IN 25 26 15 0.5 4 -1
25 LN -1 -1 -1 -1 5 0
26 LN -1 -1 -1 -1 5 0
27 LN -1 -1 -1 -1 3 0
28 IN 29 34 108 0.5 2 -1
29 IN 30 31 65 0.5 3 -1
30 LN -1 -1 -1 -1 4 0
31 IN 32 33 72 0.5 4 -1
32 LN -1 -1 -1 -1 5 0
33 LN -1 -1 -1 -1 5 1
34 LN -1 -1 -1 -1 3 0

[TREE 18]
NB_NODES: 31
0 IN 1 26 24 0.5 0 -1
1 IN 2 13 2 0.5 1 -1
2 IN 3 10 20 0.5 2 -1
3 IN 4 7 21 0.5 3 -1
4 IN 5 6 76 0.5 4 -1
5 LN -1 -1 -1 -1 5 0
6 LN -1 -1 -1 -1 5 0
7 IN 8 9 41 0.5 4 -1
8 LN -1 -1 -1 -1 5 0
9 LN -1 -1 -1 -1 5 0
10 IN 11 12 8 0.5 3 -1
11 LN -1 -1 -1 -1 4 0
12 LN -1 -1 -1 -1 4 1
13 IN 14 21 3 0.5 2 -1
14 IN 15 18 53 0.5 3 -1
15 IN 16 17 87 0.5 4 -1
16 LN -1 -1 -1 -1 5 0
17 LN -1 -1 -1 -1 5 0
18 IN 19 20 11 0.5 4 -1
19 LN -1 -1 -1 -1 5 0
20 LN -1 -1 -1 -1 5 0
21 IN 22 23 1 0.5 3 -1
22 LN -1 -1 -1 -1 4 0
23 IN 24 25 63 0.5 4 -1
24 LN -1 -1 -1 -1 5 1
25 LN -1 -1 -1 -1 5 0
26 IN 27 30 40 0.5 1 -1
27 IN 28 29 35 0.5 2 -1
28 LN -1 -1 -1 -1 3 0
29 LN -1 -1 -1 -1 3 1
30 LN -1 -1 -1 -1 2 0

[TREE 19]
NB_NODES: 31
0 IN 1 10 21 0.5 0 -1
1 IN 2 9 82 0.5 1 -1
2 IN 3 6 47 0.5 2 -1
3 IN 4 5 97 0.5 3 -1
4 LN -1 -1 -1 -1 4 1
5 LN -1 -1 -1 -1 4 0
6 IN 7 8 36 0.5 3 -1
7 LN -1 -1 -1 -1 4 0
8 LN -1 -1 -1 -1 4 1
9 LN -1 -1 -1 -1 2 0
10 IN 11 22 7 0.5 1 -1
11 IN 12 17 0 0.5 2 -1
12 IN 13 14 97 0.5 3 -1
13 LN -1 -1 -1 -1 4 0
14 IN 15 16 15 0.5 4 -1
15 LN -1 -1 -1 -1 5 0
16 LN -1 -1 -1 -1 5 0
17 IN 18 21 106 0.5 3 -1
18 IN 19 20 48 0.5 4 -1
19 LN -1 -1 -1 -1 5 0
20 LN -1 -1 -1 -1 5 0
21 LN -1 -1 -1 -1 4 0
22 IN 23 24 60 0.5 2 -1
23 LN -1 -1 -1 -1 3 0
24 IN 25 28 36 0.5 3 -1
25 IN 26 27 59 0.5 4 -1
26 LN -1 -1 -1 -1 5 0
27 LN -1 -1 -1 -1 5 0
28 IN 29 30 86 0.5 4 -1
29 LN -1 -1 -1 -1 5 1
30 LN -1 -1 -1 -1 5 0

[TREE 20]
NB_NODES: 45
0 IN 1 20 2 0.5 0 -1
1 IN 2 13 83 0.5 1 -1
2 IN 3 8 97 0.5 2 -1
3 IN 4 5 67 0.5 3 -1
4 LN -1 -1 -1 -1 4 0
5 IN 6 7 74 0.5 4 -1
6 LN -1 -1 -1 -1 5 0
7 LN -1 -1 -1 -1 5 1
8 IN 9 10 36 0.5 3 -1
9 LN -1 -1 -1 -1 4 0
10 IN 11 12 49 0.5 4 -1
11 LN -1 -1 -1 -1 5 1
12 LN -1 -1 -1 -1 5 0
13 IN 14 15 91 0.5 2 -1
14 LN -1 -1 -1 -1 3 0
15 IN 16 19 86 0.5 3 -1
16 IN 17 18 22 0.5 4 -1
17 LN -1 -1 -1 -1 5 0
18 LN -1 -1 -1 -1 5 0
19 LN -1 -1 -1 -1 4 0
20 IN 21 34 15 0.5 1 -1
21 IN 22 27 89 0.5 2 -1
22 IN 23 24 76 0.5 3 -1
23 LN -1 -1 -1 -1 4 0
24 IN 25 26 47 0.5 4 -1
25 LN -1 -1 -1 -1 5 0
26 LN -1 -1 -1 -1 5 0
27 IN 28 31 42 0.5 3 -1
28 IN 29 30 64 0.5 4 -1
29 LN -1 -1 -1 -1 5 0
30 LN -1 -1 -1 -1 5 1
31 IN 32 33 56 0.5 4 -1
32 LN -1 -1 -1 -1 5 0
33 LN -1 -1 -1 -1 5 0
34 IN 35 40 32 0.5 2 -1
35 IN 36 39 82 0.5 3 -1
36 IN 37 38 35 0.5 4 -1
37 LN -1 -1 -1 -1 5 0
38 LN -1 -1 -1 -1 5 0
39 LN -1 -1 -1 -1 4 0
40 IN 41 42 100 0.5 3 -1
41 LN -1 -1 -1 -1 4 1
42 IN 43 44 67 0.5 4 -1
43 LN -1 -1 -1 -1 5 1
44 LN -1 -1 -1 -1 5 0

[TREE 21]
NB_NODES: 35
0 IN 1 20 3 0.5 0 -1
1 IN 2 11 79 0.5 1 -1
2 IN 3 10 55 0.5 2 -1
3 IN 4 7 50 0.5 3 -1
4 IN 5 6 18 0.5 4 -1
5 LN -1 -1 -1 -1 5 0
6 LN -1 -1 -1 -1 5 0
7 IN 8 9 39 0.5 4 -1
8 LN -1 -1 -1 -1 5 0
9 LN -1 -1 -1 -1 5 0
10 LN -1 -1 -1 -1 3 0
11 IN 12 19 48 0.5 2 -1
12 IN 13 16 15 0.5 3 -1
13 IN 14 15 67 0.5 4 -1
14 LN -1 -1 -1 -1 5 0
15 LN -1 -1 -1 -1 5 0
16 IN 17 18 46 0.5 4 -1
17 LN -1 -1 -1 -1 5 0
18 LN -1 -1 -1 -1 5 0
19 LN -1 -1 -1 -1 3 0
20 IN 21 28 2 0.5 1 -1
21 IN 22 23 47 0.5 2 -1
22 LN -1 -1 -1 -1 3 1
23 IN 24 27 38 0.5 3 -1
24 IN 25 26 97 0.5 4 -1
25 LN -1 -1 -1 -1 5 1
26 LN -1 -1 -1 -1 5 0
27 LN -1 -1 -1 -1 4 0
28 IN 29 30 106 0.5 2 -1
29 LN -1 -1 -1 -1 3 0
30 IN 31 34 93 0.5 3 -1
31 IN 32 33 41 0.5 4 -1
32 LN -1 -1 -1 -1 5 0
33 LN -1 -1 -1 -1 5 1
34 LN -1 -1 -1 -1 4 0

[TREE 22]
NB_NODES: 37
0 IN 1 16 1 0.5 0 -1
1 IN 2 15 48 0.5 1 -1
2 IN 3 8 23 0.5 2 -1
3 IN 4 5 43 0.5 3 -1
4 LN -1 -1 -1 -1 4 0
5 IN 6 7 50 0.5 4 -1
6 LN -1 -1 -1 -1 5 1
7 LN -1 -1 -1 -1 5 0
8 IN 9 12 12 0.5 3 -1
9 IN 10 11 91 0.5 4 -1
10 LN -1 -1 -1 -1 5 0
11 LN -1 -1 -1 -1 5 0
12 IN 13 14 59 0.5 4 -1
13 LN -1 -1 -1 -1 5 0
14 LN -1 -1 -1 -1 5 0
15 LN -1 -1 -1 -1 2 0
16 IN 17 30 43 0.5 1 -1
17 IN 18 23 64 0.5 2 -1
18 IN 19 20 32 0.5 3 -1
19 LN -1 -1 -1 -1 4 0
20 IN 21 22 31 0.5 4 -1
21 LN -1 -1 -1 -1 5 1
22 LN -1 -1 -1 -1 5 0
23 IN 24 27 33 0.5 3 -1
24 IN 25 26 10 0.5 4 -1
25 LN -1 -1 -1 -1 5 0
26 LN -1 -1 -1 -1 5 1
27 IN 28 29 25 0.5 4 -1
28 LN -1 -1 -1 -1 5 0
29 LN -1 -1 -1 -1 5 1
30 IN 31 36 0 0.5 2 -1
31 IN 32 35 5 0.5 3 -1
32 IN 33 34 62 0.5 4 -1
33 LN -1 -1 -1 -1 5 1
34 LN -1 -1 -1 -1 5 0
35 LN -1 -1 -1 -1 4 0
36 LN -1 -1 -1 -1 3 0

[TREE 23]
NB_NODES: 31
0 IN 1 16 99 0.5 0 -1
1 IN 2 9 40 0.5 1 -1
2 IN 3 4 1 0.5 2 -1
3 LN -1 -1 -1 -1 3 0
4 IN 5 6 72 0.5 3 -1
5 LN -1 -1 -1 -1 4 0
6 IN 7 8 47 0.5 4 -1
7 LN -1 -1 -1 -1 5 0
8 LN -1 -1 -1 -1 5 1
9 IN 10 15 54 0.5 2 -1
10 IN 11 14 51 0.5 3 -1
11 IN 12 13 10 0.5 4 -1
12 LN -1 -1 -1 -1 5 0
13 LN -1 -1 -1 -1 5 0
14 LN -1 -1 -1 -1 4 0
15 LN -1 -1 -1 -1 3 1
16 IN 17 18 94 0.5 1 -1
17 LN -1 -1 -1 -1 2 0
18 IN 19 24 1 0.5 2 -1
19 IN 20 21 41 0.5 3 -1
20 LN -1 -1 -1 -1 4 0
21 IN 22 23 49 0.5 4 -1
22 LN -1 -1 -1 -1 5 0
23 LN -1 -1 -1 -1 5 0
24 IN 25 28 0 0.5 3 -1
25 IN 26 27 25 0.5 4 -1
26 LN -1 -1 -1 -1 5 0
27 LN -1 -1 -1 -1 5 1
28 IN 29 30 32 0.5 4 -1
29 LN -1 -1 -1 -1 5 0
30 LN -1 -1 -1 -1 5 0

[TREE 24]
NB_NODES: 23
0 IN 1 12 58 0.5 0 -1
1 IN 2 11 53 0.5 1 -1
2 IN 3 8 32 0.5 2 -1
3 IN 4 7 91 0.5 3 -1
4 IN 5 6 85 0.5 4 -1
5 LN -1 -1 -1 -1 5 0
6 LN -1 -1 -1 -1 5 0
7 LN -1 -1 -1 -1 4 0
8 IN 9 10 47 0.5 3 -1
9 LN -1 -1 -1 -1 4 1
10 LN -1 -1 -1 -1 4 0
11 LN -1 -1 -1 -1 2 1
12 IN 13 22 81 0.5 1 -1
13 IN 14 21 31 0.5 2 -1
14 IN 15 18 25 0.5 3 -1
15 IN 16 17 57 0.5 4 -1
16 LN -1 -1 -1 -1 5 0
17 LN -1 -1 -1 -1 5 0
18 IN 19 20 53 0.5 4 -1
19 LN -1 -1 -1 -1 5 0
20 LN -1 -1 -1 -1 5 1
21 LN -1 -1 -1 -1 3 0
22 LN -1 -1 -1 -1 2 0

[TREE 25]
NB_NODES: 27
0 IN 1 2 59 0.5 0 -1
1 LN -1 -1 -1 -1 1 0
2 IN 3 16 2 0.5 1 -1
3 IN 4 11 65 0.5 2 -1
4 IN 5 8 60 0.5 3 -1
5 IN 6 7 90 0.5 4 -1
6 LN -1 -1 -1 -1 5 0
7 LN -1 -1 -1 -1 5 0
8 IN 9 10 26 0.5 4 -1
9 LN -1 -1 -1 -1 5 0
10 LN -1 -1 -1 -1 5 1
11 IN 12 13 36 0.5 3 -1
12 LN -1 -1 -1 -1 4 0
13 IN 14 15 5 0.5 4 -1
14 LN -1 -1 -1 -1 5 0
15 LN -1 -1 -1 -1 5 0
16 IN 17 22 89 0.5 2 -1
17 IN 18 21 62 0.5 3 -1
18 IN 19 20 35 0.5 4 -1
19 LN -1 -1 -1 -1 5 0
20 LN -1 -1 -1 -1 5 0
21 LN -1 -1 -1 -1 4 0
22 IN 23 26 40 0.5 3 -1
23 IN 24 25 103 0.5 4 -1
24 LN -1 -1 -1 -1 5 0
25 LN -1 -1 -1 -1 5 0
26 LN -1 -1 -1 -1 4 0

[TREE 26]
NB_NODES: 25
0 IN 1 6 92 0.5 0 -1
1 IN 2 5 88 0.5 1 -1
2 IN 3 4 10 0.5 2 -1
3 LN -1 -1 -1 -1 3 0
4 LN -1 -1 -1 -1 3 1
5 LN -1 -1 -1 -1 2 0
6 IN 7 18 55 0.5 1 -1
7 IN 8 15 33 0.5 2 -1
8 IN 9 12 3 0.5 3 -1
9 IN 10 11 67 0.5 4 -1
10 LN -1 -1 -1 -1 5 0
11 LN -1 -1 -1 -1 5 0
12 IN 13 14 7 0.5 4 -1
13 LN -1 -1 -1 -1 5 0
14 LN -1 -1 -1 -1 5 1
15 IN 16 17 31 0.5 3 -1
16 LN -1 -1 -1 -1 4 0
17 LN -1 -1 -1 -1 4 1
18 IN 19 20 89 0.5 2 -1
19 LN -1 -1 -1 -1 3 0
20 IN 21 24 62 0.5 3 -1
21 IN 22 23 81 0.5 4 -1
22 LN -1 -1 -1 -1 5 0
23 LN -1 -1 -1 -1 5 0
24 LN -1 -1 -1 -1 4 0

[TREE 27]
NB_NODES: 29
0 IN 1 26 20 0.5 0 -1
1 IN 2 15 58 0.5 1 -1
2 IN 3 8 66 0.5 2 -1
3 IN 4 7 54 0.5 3 -1
4 IN 5 6 50 0.5 4 -1
5 LN -1 -1 -1 -1 5 0
6 LN -1 -1 -1 -1 5 0
7 LN -1 -1 -1 -1 4 0
8 IN 9 12 8 0.5 3 -1
9 IN 10 11 40 0.5 4 -1
10 LN -1 -1 -1 -1 5 0
11 LN -1 -1 -1 -1 5 0
12 IN 13 14 85 0.5 4 -1
13 LN -1 -1 -1 -1 5 0
14 LN -1 -1 -1 -1 5 0
15 IN 16 21 9 0.5 2 -1
16 IN 17 18 86 0.5 3 -1
17 LN -1 -1 -1 -1 4 0
18 IN 19 20 32 0.5 4 -1
19 LN -1 -1 -1 -1 5 0
20 LN -1 -1 -1 -1 5 0
21 IN 22 23 5 0.5 3 -1
22 LN -1 -1 -1 -1 4 0
23 IN 24 25 24 0.5 4 -1
24 LN -1 -1 -1 -1 5 0
25 LN -1 -1 -1 -1 5 1
26 IN 27 28 2 0.5 1 -1
27 LN -1 -1 -1 -1 2 1
28 LN -1 -1 -1 -1 2 0

[TREE 28]
NB_NODES: 29
0 IN 1 10 99 0.5 0 -1
1 IN 2 3 72 0.5 1 -1
2 LN -1 -1 -1 -1 2 0
3 IN 4 9 87 0.5 2 -1
4 IN 5 6 47 0.5 3 -1
5 LN -1 -1 -1 -1 4 0
6 IN 7 8 38 0.5 4 -1
7 LN -1 -1 -1 -1 5 1
8 LN -1 -1 -1 -1 5 0
9 LN -1 -1 -1 -1 3 0
10 IN 11 20 35 0.5 1 -1
11 IN 12 15 102 0.5 2 -1
12 IN 13 14 74 0.5 3 -1
13 LN -1 -1 -1 -1 4 0
14 LN -1 -1 -1 -1 4 1
15 IN 16 19 8 0.5 3 -1
16 IN 17 18 11 0.5 4 -1
17 LN -1 -1 -1 -1 5 0
18 LN -1 -1 -1 -1 5 1
19 LN -1 -1 -1 -1 4 0
20 IN 21 22 72 0.5 2 -1
21 LN -1 -1 -1 -1 3 0
22 IN 23 26 93 0.5 3 -1
23 IN 24 25 46 0.5 4 -1
24 LN -1 -1 -1 -1 5 0
25 LN -1 -1 -1 -1 5 1
26 IN 27 28 7 0.5 4 -1
27 LN -1 -1 -1 -1 5 0
28 LN -1 -1 -1 -1 5 0

[TREE 29]
NB_NODES: 35
0 IN 1 12 1 0.5 0 -1
1 IN 2 11 82 0.5 1 -1
2 IN 3 4 18 0.5 2 -1
3 LN -1 -1 -1 -1 3 0
4 IN 5 8 89 0.5 3 -1
5 IN 6 7 74 0.5 4 -1
6 LN -1 -1 -1 -1 5 0
7 LN -1 -1 -1 -1 5 0
8 IN 9 10 5 0.5 4 -1
9 LN -1 -1 -1 -1 5 0
10 LN -1 -1 -1 -1 5 0
11 LN -1 -1 -1 -1 2 0
12 IN 13 24 77 0.5 1 -1
13 IN 14 19 45 0.5 2 -1
14 IN 15 18 85 0.5 3 -1
15 IN 16 17 47 0.5 4 -1
16 LN -1 -1 -1 -1 5 1
17 LN -1 -1 -1 -1 5 0
18 LN -1 -1 -1 -1 4 0
19 IN 20 21 56 0.5 3 -1
20 LN -1 -1 -1 -1 4 0
21 IN 22 23 55 0.5 4 -1
22 LN -1 -1 -1 -1 5 1
23 LN -1 -1 -1 -1 5 0
24 IN 25 30 81 0.5 2 -1
25 IN 26 29 59 0.5 3 -1
26 IN 27 28 43 0.5 4 -1
27 LN -1 -1 -1 -1 5 0
28 LN -1 -1 -1 -1 5 1
29 LN -1 -1 -1 -1 4 0
30 IN 31 32 47 0.5 3 -1
31 LN -1 -1 -1 -1 4 0
32 IN 33 34 27 0.5 4 -1
33 LN -1 -1 -1 -1 5 1
34 LN -1 -1 -1 -1 5 0

[TREE 30]
NB_NODES: 43
0 IN 1 22 7 0.5 0 -1
1 IN 2 13 65 0.5 1 -1
2 IN 3 8 45 0.5 2 -1
3 IN 4 7 21 0.5 3 -1
4 IN 5 6 47 0.5 4 -1
5 LN -1 -1 -1 -1 5 0
6 LN -1 -1 -1 -1 5 0
7 LN -1 -1 -1 -1 4 0
8 IN 9 10 107 0.5 3 -1
9 LN -1 -1 -1 -1 4 0
10 IN 11 12 63 0.5 4 -1
11 LN -1 -1 -1 -1 5 0
12 LN -1 -1 -1 -1 5 0
13 IN 14 15 6 0.5 2 -1
14 LN -1 -1 -1 -1 3 0
15 IN 16 19 61 0.5 3 -1
16 IN 17 18 90 0.5 4 -1
17 LN -1 -1 -1 -1 5 0
18 LN -1 -1 -1 -1 5 0
19 IN 20 21 12 0.5 4 -1
20 LN -1 -1 -1 -1 5 0
21 LN -1 -1 -1 -1 5 1
22 IN 23 30 99 0.5 1 -1
23 IN 24 29 68 0.5 2 -1
24 IN 25 28 54 0.5 3 -1
25 IN 26 27 60 0.5 4 -1
26 LN -1 -1 -1 -1 5 0
27 LN -1 -1 -1 -1 5 1
28 LN -1 -1 -1 -1 4 1
29 LN -1 -1 -1 -1 3 0
30 IN 31 36 5 0.5 2 -1
31 IN 32 35 18 0.5 3 -1
32 IN 33 34 88 0.5 4 -1
33 LN -1 -1 -1 -1 5 0
34 LN -1 -1 -1 -1 5 0
35 LN -1 -1 -1 -1 4 0
36 IN 37 40 58 0.5 3 -1
37 IN 38 39 63 0.5 4 -1
38 LN -1 -1 -1 -1 5 1
39 LN -1 -1 -1 -1 5 0
40 IN 41 42 87 0.5 4 -1
41 LN -1 -1 -1 -1 5 0
42 LN -1 -1 -1 -1 5 0

[TREE 31]
NB_NODES: 41
0 IN 1 20 2 0.5 0 -1
1 IN 2 9 1 0.5 1 -1
2 IN 3 4 101 0.5 2 -1
3 LN -1 -1 -1 -1 3 0
4 IN 5 6 72 0.5 3 -1
5 LN -1 -1 -1 -1 4 0
6 IN 7 8 4 0.5 4 -1
7 LN -1 -1 -1 -1 5 0
8 LN -1 -1 -1 -1 5 0
9 IN 10 15 6 0.5 2 -1
10 IN 11 14 4 0.5 3 -1
11 IN 12 13 96 0.5 4 -1
12 LN -1 -1 -1 -1 5 1
13 LN -1 -1 -1 -1 5 0
14 LN -1 -1 -1 -1 4 1
15 IN 16 17 64 0.5 3 -1
16 LN -1 -1 -1 -1 4 0
17 IN 18 19 71 0.5 4 -1
18 LN -1 -1 -1 -1 5 0
19 LN -1 -1 -1 -1 5 1
20 IN 21 34 32 0.5 1 -1
21 IN 22 27 15 0.5 2 -1
22 IN 23 26 9 0.5 3 -1
23 IN 24 25 62 0.5 4 -1
24 LN -1 -1 -1 -1 5 0
25 LN -1 -1 -1 -1 5 0
26 LN -1 -1 -1 -1 4 1
27 IN 28 31 49 0.5 3 -1
28 IN 29 30 22 0.5 4 -1
29 LN -1 -1 -1 -1 5 0
30 LN -1 -1 -1 -1 5 0
31 IN 32 33 30 0.5 4 -1
32 LN -1 -1 -1 -1 5 0
33 LN -1 -1 -1 -1 5 0
34 IN 35 36 100 0.5 2 -1
35 LN -1 -1 -1 -1 3 1
36 IN 37 40 107 0.5 3 -1
37 IN 38 39 30 0.5 4 -1
38 LN -1 -1 -1 -1 5 0
39 LN -1 -1 -1 -1 5 1
40 LN -1 -1 -1 -1 4 0

[TREE 32]
NB_NODES: 29
0 IN 1 28 63 0.5 0 -1
1 IN 2 15 0 0.5 1 -1
2 IN 3 8 17 0.5 2 -1
3 IN 4 7 21 0.5 3 -1
4 IN 5 6 80 0.5 4 -1
5 LN -1 -1 -1 -1 5 0
6 LN -1 -1 -1 -1 5 0
7 LN -1 -1 -1 -1 4 0
8 IN 9 12 62 0.5 3 -1
9 IN 10 11 97 0.5 4 -1
10 LN -1 -1 -1 -1 5 0
11 LN -1 -1 -1 -1 5 1
12 IN 13 14 52 0.5 4 -1
13 LN -1 -1 -1 -1 5 0
14 LN -1 -1 -1 -1 5 0
15 IN 16 23 61 0.5 2 -1
16 IN 17 20 43 0.5 3 -1
17 IN 18 19 57 0.5 4 -1
18 LN -1 -1 -1 -1 5 0
19 LN -1 -1 -1 -1 5 0
20 IN 21 22 34 0.5 4 -1
21 LN -1 -1 -1 -1 5 0
22 LN -1 -1 -1 -1 5 0
23 IN 24 27 27 0.5 3 -1
24 IN 25 26 19 0.5 4 -1
25 LN -1 -1 -1 -1 5 0
26 LN -1 -1 -1 -1 5 0
27 LN -1 -1 -1 -1 4 0
28 LN -1 -1 -1 -1 1 0

[TREE 33]
NB_NODES: 25
0 IN 1 24 103 0.5 0 -1
1 IN 2 15 55 0.5 1 -1
2 IN 3 10 32 0.5 2 -1
3 IN 4 7 53 0.5 3 -1
4 IN 5 6 35 0.5 4 -1
5 LN -1 -1 -1 -1 5 1
6 LN -1 -1 -1 -1 5 0
7 IN 8 9 74 0.5 4 -1
8 LN -1 -1 -1 -1 5 0
9 LN -1 -1 -1 -1 5 1
10 IN 11 14 104 0.5 3 -1
11 IN 12 13 28 0.5 4 -1
12 LN -1 -1 -1 -1 5 1
13 LN -1 -1 -1 -1 5 0
14 LN -1 -1 -1 -1 4 1
15 IN 16 21 19 0.5 2 -1
16 IN 17 18 61 0.5 3 -1
17 LN -1 -1 -1 -1 4 0
18 IN 19 20 7 0.5 4 -1
19 LN -1 -1 -1 -1 5 0
20 LN -1 -1 -1 -1 5 0
21 IN 22 23 18 0.5 3 -1
22 LN -1 -1 -1 -1 4 1
23 LN -1 -1 -1 -1 4 0
24 LN -1 -1 -1 -1 1 0

[TREE 34]
NB_NODES: 39
0 IN 1 16 35 0.5 0 -1
1 IN 2 9 97 0.5 1 -1
2 IN 3 8 11 0.5 2 -1
3 IN 4 5 107 0.5 3 -1
4 LN -1 -1 -1 -1 4 0
5 IN 6 7 6 0.5 4 -1
6 LN -1 -1 -1 -1 5 0
7 LN -1 -1 -1 -1 5 1
8 LN -1 -1 -1 -1 3 1
9 IN 10 15 101 0.5 2 -1
10 IN 11 14 1 0.5 3 -1
11 IN 12 13 68 0.5 4 -1
12 LN -1 -1 -1 -1 5 1
13 LN -1 -1 -1 -1 5 0
14 LN -1 -1 -1 -1 4 1
15 LN -1 -1 -1 -1 3 0
16 IN 17 26 101 0.5 1 -1
17 IN 18 25 2 0.5 2 -1
18 IN 19 22 17 0.5 3 -1
19 IN 20 21 50 0.5 4 -1
20 LN -1 -1 -1 -1 5 0
21 LN -1 -1 -1 -1 5 0
22 IN 23 24 76 0.5 4 -1
23 LN -1 -1 -1 -1 5 0
24 LN -1 -1 -1 -1 5 1
25 LN -1 -1 -1 -1 3 0
26 IN 27 34 58 0.5 2 -1
27 IN 28 31 80 0.5 3 -1
28 IN 29 30 0 0.5 4 -1
29 LN -1 -1 -1 -1 5 0
30 LN -1 -1 -1 -1 5 0
31 IN 32 33 99 0.5 4 -1
32 LN -1 -1 -1 -1 5 0
33 LN -1 -1 -1 -1 5 0
34 IN 35 38 6 0.5 3 -1
35 IN 36 37 47 0.5 4 -1
36 LN -1 -1 -1 -1 5 0
37 LN -1 -1 -1 -1 5 0
38 LN -1 -1 -1 -1 4 0

[TREE 35]
NB_NODES: 29
0 IN 1 12 2 0.5 0 -1
1 IN 2 11 13 0.5 1 -1
2 IN 3 10 30 0.5 2 -1
3 IN 4 7 68 0.5 3 -1
4 IN 5 6 60 0.5 4 -1
5 LN -1 -1 -1 -1 5 0
6 LN -1 -1 -1 -1 5 1
7 IN 8 9 56 0.5 4 -1
8 LN -1 -1 -1 -1 5 0
9 LN -1 -1 -1 -1 5 0
10 LN -1 -1 -1 -1 3 1
11 LN -1 -1 -1 -1 2 0
12 IN 13 26 9 0.5 1 -1
13 IN 14 21 11 0.5 2 -1
14 IN 15 18 34 0.5 3 -1
15 IN 16 17 59 0.5 4 -1
16 LN -1 -1 -1 -1 5 0
17 LN -1 -1 -1 -1 5 0
18 IN 19 20 93 0.5 4 -1
19 LN -1 -1 -1 -1 5 0
20 LN -1 -1 -1 -1 5 0
21 IN 22 25 98 0.5 3 -1
22 IN 23 24 82 0.5 4 -1
23 LN -1 -1 -1 -1 5 0
24 LN -1 -1 -1 -1 5 0
25 LN -1 -1 -1 -1 4 0
26 IN 27 28 76 0.5 2 -1
27 LN -1 -1 -1 -1 3 1
28 LN -1 -1 -1 -1 3 0

[TREE 36]
NB_NODES: 35
0 IN 1 14 99 0.5 0 -1
1 IN 2 3 17 0.5 1 -1
2 LN -1 -1 -1 -1 2 0
3 IN 4 9 52 0.5 2 -1
4 IN 5 6 10 0.5 3 -1
5 LN -1 -1 -1 -1 4 0
6 IN 7 8 65 0.5 4 -1
7 LN -1 -1 -1 -1 5 1
8 LN -1 -1 -1 -1 5 0
9 IN 10 11 30 0.5 3 -1
10 LN -1 -1 -1 -1 4 0
11 IN 12 13 85 0.5 4 -1
12 LN -1 -1 -1 -1 5 1
13 LN -1 -1 -1 -1 5 0
14 IN 15 26 25 0.5 1 -1
15 IN 16 21 7 0.5 2 -1
16 IN 17 18 36 0.5 3 -1
17 LN -1 -1 -1 -1 4 0
18 IN 19 20 80 0.5 4 -1
19 LN -1 -1 -1 -1 5 0
20 LN -1 -1 -1 -1 5 0
21 IN 22 25 46 0.5 3 -1
22 IN 23 24 36 0.5 4 -1
23 LN -1 -1 -1 -1 5 0
24 LN -1 -1 -1 -1 5 0
25 LN -1 -1 -1 -1 4 0
26 IN 27 28 88 0.5 2 -1
27 LN -1 -1 -1 -1 3 0
28 IN 29 32 33 0.5 3 -1
29 IN 30 31 28 0.5 4 -1
30 LN -1 -1 -1 -1 5 0
31 LN -1 -1 -1 -1 5 0
32 IN 33 34 15 0.5 4 -1
33 LN -1 -1 -1 -1 5 1
34 LN -1 -1 -1 -1 5 0

[TREE 37]
NB_NODES: 21
0 IN 1 12 55 0.5 0 -1
1 IN 2 11 33 0.5 1 -1
2 IN 3 10 5 0.5 2 -1
3 IN 4 7 32 0.5 3 -1
4 IN 5 6 77 0.5 4 -1
5 LN -1 -1 -1 -1 5 0
6 LN -1 -1 -1 -1 5 0
7 IN 8 9 41 0.5 4 -1
8 LN -1 -1 -1 -1 5 1
9 LN -1 -1 -1 -1 5 0
10 LN -1 -1 -1 -1 3 0
11 LN -1 -1 -1 -1 2 1
12 IN 13 14 74 0.5 1 -1
13 LN -1 -1 -1 -1 2 0
14 IN 15 20 76 0.5 2 -1
15 IN 16 17 25 0.5 3 -1
16 LN -1 -1 -1 -1 4 0
17 IN 18 19 19 0.5 4 -1
18 LN -1 -1 -1 -1 5 0
19 LN -1 -1 -1 -1 5 1
20 LN -1 -1 -1 -1 3 0

[TREE 38]
NB_NODES: 35
0 IN 1 26 32 0.5 0 -1
1 IN 2 11 96 0.5 1 -1
2 IN 3 6 43 0.5 2 -1
3 IN 4 5 12 0.5 3 -1
4 LN -1 -1 -1 -1 4 1
5 LN -1 -1 -1 -1 4 0
6 IN 7 10 64 0.5 3 -1
7 IN 8 9 22 0.5 4 -1
8 LN -1 -1 -1 -1 5 0
9 LN -1 -1 -1 -1 5 0
10 LN -1 -1 -1 -1 4 0
11 IN 12 19 0 0.5 2 -1
12 IN 13 16 80 0.5 3 -1
13 IN 14 15 6 0.5 4 -1
14 LN -1 -1 -1 -1 5 0
15 LN -1 -1 -1 -1 5 1
16 IN 17 18 64 0.5 4 -1
17 LN -1 -1 -1 -1 5 0
18 LN -1 -1 -1 -1 5 0
19 IN 20 23 19 0.5 3 -1
20 IN 21 22 28 0.5 4 -1
21 LN -1 -1 -1 -1 5 0
22 LN -1 -1 -1 -1 5 0
23 IN 24 25 30 0.5 4 -1
24 LN -1 -1 -1 -1 5 0
25 LN -1 -1 -1 -1 5 0
26 IN 27 28 73 0.5 1 -1
27 LN -1 -1 -1 -1 2 1
28 IN 29 34 88 0.5 2 -1
29 IN 30 33 57 0.5 3 -1
30 IN 31 32 48 0.5 4 -1
31 LN -1 -1 -1 -1 5 0
32 LN -1 -1 -1 -1 5 0
33 LN -1 -1 -1 -1 4 1
34 LN -1 -1 -1 -1 3 0

[TREE 39]
NB_NODES: 39
0 IN 1 24 0 0.5 0 -1
1 IN 2 9 70 0.5 1 -1
2 IN 3 8 96 0.5 2 -1
3 IN 4 7 85 0.5 3 -1
4 IN 5 6 62 0.5 4 -1
5 LN -1 -1 -1 -1 5 1
6 LN -1 -1 -1 -1 5 0
7 LN -1 -1 -1 -1 4 0
8 LN -1 -1 -1 -1 3 0
9 IN 10 17 1 0.5 2 -1
10 IN 11 14 2 0.5 3 -1
11 IN 12 13 43 0.5 4 -1
12 LN -1 -1 -1 -1 5 0
13 LN -1 -1 -1 -1 5 0
14 IN 15 16 77 0.5 4 -1
15 LN -1 -1 -1 -1 5 0
16 LN -1 -1 -1 -1 5 1
17 IN 18 21 65 0.5 3 -1
18 IN 19 20 22 0.5 4 -1
19 LN -1 -1 -1 -1 5 1
20 LN -1 -1 -1 -1 5 1
21 IN 22 23 7 0.5 4 -1
22 LN -1 -1 -1 -1 5 0
23 LN -1 -1 -1 -1 5 0
24 IN 25 32 15 0.5 1 -1
25 IN 26 27 41 0.5 2 -1
26 LN -1 -1 -1 -1 3 0
27 IN 28 31 57 0.5 3 -1
28 IN 29 30 89 0.5 4 -1
29 LN -1 -1 -1 -1 5 0
30 LN -1 -1 -1 -1 5 1
31 LN -1 -1 -1 -1 4 0
32 IN 33 38 48 0.5 2 -1
33 IN 34 37 44 0.5 3 -1
34 IN 35 36 31 0.5 4 -1
35 LN -1 -1 -1 -1 5 0
36 LN -1 -1 -1 -1 5 0
37 LN -1 -1 -1 -1 4 0
38 LN -1 -1 -1 -1 3 0

[TREE 40]
NB_NODES: 41
0 IN 1 16 100 0.5 0 -1
1 IN 2 9 49 0.5 1 -1
2 IN 3 8 32 0.5 2 -1
3 IN 4 5 39 0.5 3 -1
4 LN -1 -1 -1 -1 4 0
5 IN 6 7 72 0.5 4 -1
6 LN -1 -1 -1 -1 5 0
7 LN -1 -1 -1 -1 5 0
8 LN -1 -1 -1 -1 3 1
9 IN 10 11 107 0.5 2 -1
10 LN -1 -1 -1 -1 3 1
11 IN 12 15 10 0.5 3 -1
12 IN 13 14 85 0.5 4 -1
13 LN -1 -1 -1 -1 5 1
14 LN -1 -1 -1 -1 5 0
15 LN -1 -1 -1 -1 4 0
16 IN 17 30 68 0.5 1 -1
17 IN 18 25 0 0.5 2 -1
18 IN 19 22 30 0.5 3 -1
19 IN 20 21 87 0.5 4 -1
20 LN -1 -1 -1 -1 5 0
21 LN -1 -1 -1 -1 5 0
22 IN 23 24 76 0.5 4 -1
23 LN -1 -1 -1 -1 5 0
24 LN -1 -1 -1 -1 5 1
25 IN 26 29 24 0.5 3 -1
26 IN 27 28 25 0.5 4 -1
27 LN -1 -1 -1 -1 5 0
28 LN -1 -1 -1 -1 5 0
29 LN -1 -1 -1 -1 4 1
30 IN 31 36 53 0.5 2 -1
31 IN 32 33 104 0.5 3 -1
32 LN -1 -1 -1 -1 4 0
33 IN 34 35 25 0.5 4 -1
34 LN -1 -1 -1 -1 5 0
35 LN -1 -1 -1 -1 5 0
36 IN 37 38 56 0.5 3 -1
37 LN -1 -1 -1 -1 4 0
38 IN 39 40 84 0.5 4 -1
39 LN -1 -1 -1 -1 5 1
40 LN -1 -1 -1 -1 5 0

[TREE 41]
NB_NODES: 41
0 IN 1 16 99 0.5 0 -1
1 IN 2 11 37 0.5 1 -1
2 IN 3 8 3 0.5 2 -1
3 IN 4 7 103 0.5 3 -1
4 IN 5 6 66 0.5 4 -1
5 LN -1 -1 -1 -1 5 0
6 LN -1 -1 -1 -1 5 0
7 LN -1 -1 -1 -1 4 0
8 IN 9 10 40 0.5 3 -1
9 LN -1 -1 -1 -1 4 0
10 LN -1 -1 -1 -1 4 1
11 IN 12 13 1 0.5 2 -1
12 LN -1 -1 -1 -1 3 0
13 IN 14 15 107 0.5 3 -1
14 LN -1 -1 -1 -1 4 0
15 LN -1 -1 -1 -1 4 1
16 IN 17 28 77 0.5 1 -1
17 IN 18 23 23 0.5 2 -1
18 IN 19 20 56 0.5 3 -1
19 LN -1 -1 -1 -1 4 0
20 IN 21 22 11 0.5 4 -1
21 LN -1 -1 -1 -1 5 0
22 LN -1 -1 -1 -1 5 0
23 IN 24 25 56 0.5 3 -1
24 LN -1 -1 -1 -1 4 0
25 IN 26 27 72 0.5 4 -1
26 LN -1 -1 -1 -1 5 0
27 LN -1 -1 -1 -1 5 1
28 IN 29 36 32 0.5 2 -1
29 IN 30 33 53 0.5 3 -1
30 IN 31 32 0 0.5 4 -1
31 LN -1 -1 -1 -1 5 0
32 LN -1 -1 -1 -1 5 0
33 IN 34 35 58 0.5 4 -1
34 LN -1 -1 -1 -1 5 1
35 LN -1 -1 -1 -1 5 0
36 IN 37 40 41 0.5 3 -1
37 IN 38 39 46 0.5 4 -1
38 LN -1 -1 -1 -1 5 0
39 LN -1 -1 -1 -1 5 0
40 LN -1 -1 -1 -1 4 0

[TREE 42]
NB_NODES: 25
0 IN 1 14 42 0.5 0 -1
1 IN 2 13 58 0.5 1 -1
2 IN 3 8 0 0.5 2 -1
3 IN 4 7 32 0.5 3 -1
4 IN 5 6 8 0.5 4 -1
5 LN -1 -1 -1 -1 5 0
6 LN -1 -1 -1 -1 5 0
7 LN -1 -1 -1 -1 4 1
8 IN 9 12 61 0.5 3 -1
9 IN 10 11 107 0.5 4 -1
10 LN -1 -1 -1 -1 5 0
11 LN -1 -1 -1 -1 5 0
12 LN -1 -1 -1 -1 4 1
13 LN -1 -1 -1 -1 2 0
14 IN 15 22 9 0.5 1 -1
15 IN 16 17 79 0.5 2 -1
16 LN -1 -1 -1 -1 3 0
17 IN 18 21 103 0.5 3 -1
18 IN 19 20 87 0.5 4 -1
19 LN -1 -1 -1 -1 5 0
20 LN -1 -1 -1 -1 5 0
21 LN -1 -1 -1 -1 4 0
22 IN 23 24 31 0.5 2 -1
23 LN -1 -1 -1 -1 3 1
24 LN -1 -1 -1 -1 3 0

[TREE 43]
NB_NODES: 29
0 IN 1 16 10 0.5 0 -1
1 IN 2 9 15 0.5 1 -1
2 IN 3 4 25 0.5 2 -1
3 LN -1 -1 -1 -1 3 0
4 IN 5 8 14 0.5 3 -1
5 IN 6 7 33 0.5 4 -1
6 LN -1 -1 -1 -1 5 0
7 LN -1 -1 -1 -1 5 1
8 LN -1 -1 -1 -1 4 0
9 IN 10 11 49 0.5 2 -1
10 LN -1 -1 -1 -1 3 0
11 IN 12 15 62 0.5 3 -1
12 IN 13 14 2 0.5 4 -1
13 LN -1 -1 -1 -1 5 0
14 LN -1 -1 -1 -1 5 1
15 LN -1 -1 -1 -1 4 0
16 IN 17 22 71 0.5 1 -1
17 IN 18 21 2 0.5 2 -1
18 IN 19 20 72 0.5 3 -1
19 LN -1 -1 -1 -1 4 1
20 LN -1 -1 -1 -1 4 0
21 LN -1 -1 -1 -1 3 0
22 IN 23 24 40 0.5 2 -1
23 LN -1 -1 -1 -1 3 0
24 IN 25 28 48 0.5 3 -1
25 IN 26 27 98 0.5 4 -1
26 LN -1 -1 -1 -1 5 0
27 LN -1 -1 -1 -1 5 0
28 LN -1 -1 -1 -1 4 0

[TREE 44]
NB_NODES: 37
0 IN 1 26 37 0.5 0 -1
1 IN 2 15 0 0.5 1 -1
2 IN 3 8 70 0.5 2 -1
3 IN 4 7 76 0.5 3 -1
4 IN 5 6 22 0.5 4 -1
5 LN -1 -1 -1 -1 5 0
6 LN -1 -1 -1 -1 5 1
7 LN -1 -1 -1 -1 4 0
8 IN 9 12 103 0.5 3 -1
9 IN 10 11 105 0.5 4 -1
10 LN -1 -1 -1 -1 5 0
11 LN -1 -1 -1 -1 5 1
12 IN 13 14 35 0.5 4 -1
13 LN -1 -1 -1 -1 5 1
14 LN -1 -1 -1 -1 5 0
15 IN 16 21 49 0.5 2 -1
16 IN 17 18 34 0.5 3 -1
17 LN -1 -1 -1 -1 4 0
18 IN 19 20 51 0.5 4 -1
19 LN -1 -1 -1 -1 5 0
20 LN -1 -1 -1 -1 5 0
21 IN 22 25 81 0.5 3 -1
22 IN 23 24 102 0.5 4 -1
23 LN -1 -1 -1 -1 5 0
24 LN -1 -1 -1 -1 5 0
25 LN -1 -1 -1 -1 4 0
26 IN 27 36 15 0.5 1 -1
27 IN 28 35 19 0.5 2 -1
28 IN 29 32 2 0.5 3 -1
29 IN 30 31 47 0.5 4 -1
30 LN -1 -1 -1 -1 5 0
31 LN -1 -1 -1 -1 5 1
32 IN 33 34 89 0.5 4 -1
33 LN -1 -1 -1 -1 5 0
34 LN -1 -1 -1 -1 5 0
35 LN -1 -1 -1 -1 3 1
36 LN -1 -1 -1 -1 2 0

[TREE 45]
NB_NODES: 15
0 IN 1 12 19 0.5 0 -1
1 IN 2 11 55 0.5 1 -1
2 IN 3 10 0 0.5 2 -1
3 IN 4 7 11 0.5 3 -1
4 IN 5 6 21 0.5 4 -1
5 LN -1 -1 -1 -1 5 0
6 LN -1 -1 -1 -1 5 0
7 IN 8 9 32 0.5 4 -1
8 LN -1 -1 -1 -1 5 0
9 LN -1 -1 -1 -1 5 1
10 LN -1 -1 -1 -1 3 0
11 LN -1 -1 -1 -1 2 0
12 IN 13 14 25 0.5 1 -1
13 LN -1 -1 -1 -1 2 0
14 LN -1 -1 -1 -1 2 1

[TREE 46]
NB_NODES: 39
0 IN 1 24 0 0.5 0 -1
1 IN 2 15 83 0.5 1 -1
2 IN 3 10 17 0.5 2 -1
3 IN 4 7 30 0.5 3 -1
4 IN 5 6 18 0.5 4 -1
5 LN -1 -1 -1 -1 5 0
6 LN -1 -1 -1 -1 5 0
7 IN 8 9 54 0.5 4 -1
8 LN -1 -1 -1 -1 5 1
9 LN -1 -1 -1 -1 5 0
10 IN 11 14 65 0.5 3 -1
11 IN 12 13 107 0.5 4 -1
12 LN -1 -1 -1 -1 5 0
13 LN -1 -1 -1 -1 5 1
14 LN -1 -1 -1 -1 4 0
15 IN 16 19 56 0.5 2 -1
16 IN 17 18 11 0.5 3 -1
17 LN -1 -1 -1 -1 4 0
18 LN -1 -1 -1 -1 4 1
19 IN 20 21 57 0.5 3 -1
20 LN -1 -1 -1 -1 4 0
21 IN 22 23 28 0.5 4 -1
22 LN -1 -1 -1 -1 5 0
23 LN -1 -1 -1 -1 5 0
24 IN 25 32 25 0.5 1 -1
25 IN 26 27 11 0.5 2 -1
26 LN -1 -1 -1 -1 3 0
27 IN 28 31 74 0.5 3 -1
28 IN 29 30 35 0.5 4 -1
29 LN -1 -1 -1 -1 5 1
30 LN -1 -1 -1 -1 5 0
31 LN -1 -1 -1 -1 4 0
32 IN 33 38 93 0.5 2 -1
33 IN 34 37 46 0.5 3 -1
34 IN 35 36 87 0.5 4 -1
35 LN -1 -1 -1 -1 5 0
36 LN -1 -1 -1 -1 5 0
37 LN -1 -1 -1 -1 4 1
38 LN -1 -1 -1 -1 3 0

[TREE 47]
NB_NODES: 33
0 IN 1 12 99 0.5 0 -1
1 IN 2 5 50 0.5 1 -1
2 IN 3 4 76 0.5 2 -1
3 LN -1 -1 -1 -1 3 1
4 LN -1 -1 -1 -1 3 0
5 IN 6 11 20 0.5 2 -1
6 IN 7 8 57 0.5 3 -1
7 LN -1 -1 -1 -1 4 0
8 IN 9 10 51 0.5 4 -1
9 LN -1 -1 -1 -1 5 0
10 LN -1 -1 -1 -1 5 1
11 LN -1 -1 -1 -1 3 1
12 IN 13 26 48 0.5 1 -1
13 IN 14 21 32 0.5 2 -1
14 IN 15 18 19 0.5 3 -1
15 IN 16 17 46 0.5 4 -1
16 LN -1 -1 -1 -1 5 0
17 LN -1 -1 -1 -1 5 0
18 IN 19 20 31 0.5 4 -1
19 LN -1 -1 -1 -1 5 1
20 LN -1 -1 -1 -1 5 0
21 IN 22 25 24 0.5 3 -1
22 IN 23 24 103 0.5 4 -1
23 LN -1 -1 -1 -1 5 0
24 LN -1 -1 -1 -1 5 0
25 LN -1 -1 -1 -1 4 0
26 IN 27 28 6 0.5 2 -1
27 LN -1 -1 -1 -1 3 0
28 IN 29 32 35 0.5 3 -1
29 IN 30 31 36 0.5 4 -1
30 LN -1 -1 -1 -1 5 0
31 LN -1 -1 -1 -1 5 1
32 LN -1 -1 -1 -1 4 0

[TREE 48]
NB_NODES: 41
0 IN 1 24 84 0.5 0 -1
1 IN 2 13 99 0.5 1 -1
2 IN 3 8 1 0.5 2 -1
3 IN 4 5 54 0.5 3 -1
4 LN -1 -1 -1 -1 4 0
5 IN 6 7 107 0.5 4 -1
6 LN -1 -1 -1 -1 5 0
7 LN -1 -1 -1 -1 5 1
8 IN 9 12 5 0.5 3 -1
9 IN 10 11 100 0.5 4 -1
10 LN -1 -1 -1 -1 5 1
11 LN -1 -1 -1 -1 5 0
12 LN -1 -1 -1 -1 4 0
13 IN 14 21 53 0.5 2 -1
14 IN 15 18 32 0.5 3 -1
15 IN 16 17 101 0.5 4 -1
16 LN -1 -1 -1 -1 5 0
17 LN -1 -1 -1 -1 5 0
18 IN 19 20 6 0.5 4 -1
19 LN -1 -1 -1 -1 5 1
20 LN -1 -1 -1 -1 5 0
21 IN 22 23 12 0.5 3 -1
22 LN -1 -1 -1 -1 4 1
23 LN -1 -1 -1 -1 4 0
24 IN 25 34 1 0.5 1 -1
25 IN 26 27 89 0.5 2 -1
26 LN -1 -1 -1 -1 3 0
27 IN 28 31 98 0.5 3 -1
28 IN 29 30 87 0.5 4 -1
29 LN -1 -1 -1 -1 5 0
30 LN -1 -1 -1 -1 5 0
31 IN 32 33 40 0.5 4 -1
32 LN -1 -1 -1 -1 5 0
33 LN -1 -1 -1 -1 5 0
34 IN 35 40 55 0.5 2 -1
35 IN 36 39 32 0.5 3 -1
36 IN 37 38 47 0.5 4 -1
37 LN -1 -1 -1 -1 5 0
38 LN -1 -1 -1 -1 5 0
39 LN -1 -1 -1 -1 4 1
40 LN -1 -1 -1 -1 3 0

[TREE 49]
NB_NODES: 37
0 IN 1 12 13 0.5 0 -1
1 IN 2 11 58 0.5 1 -1
2 IN 3 10 32 0.5 2 -1
3 IN 4 7 66 0.5 3 -1
4 IN 5 6 6 0.5 4 -1
5 LN -1 -1 -1 -1 5 0
6 LN -1 -1 -1 -1 5 0
7 IN 8 9 99 0.5 4 -1
8 LN -1 -1 -1 -1 5 1
9 LN -1 -1 -1 -1 5 0
10 LN -1 -1 -1 -1 3 1
11 LN -1 -1 -1 -1 2 0
12 IN 13 26 33 0.5 1 -1
13 IN 14 21 16 0.5 2 -1
14 IN 15 18 106 0.5 3 -1
15 IN 16 17 48 0.5 4 -1
16 LN -1 -1 -1 -1 5 0
17 LN -1 -1 -1 -1 5 0
18 IN 19 20 7 0.5 4 -1
19 LN -1 -1 -1 -1 5 0
20 LN -1 -1 -1 -1 5 0
21 IN 22 25 31 0.5 3 -1
22 IN 23 24 2 0.5 4 -1
23 LN -1 -1 -1 -1 5 0
24 LN -1 -1 -1 -1 5 0
25 LN -1 -1 -1 -1 4 0
26 IN 27 32 79 0.5 2 -1
27 IN 28 31 31 0.5 3 -1
28 IN 29 30 107 0.5 4 -1
29 LN -1 -1 -1 -1 5 0
30 LN -1 -1 -1 -1 5 0
31 LN -1 -1 -1 -1 4 0
32 IN 33 36 40 0.5 3 -1
33 IN 34 35 59 0.5 4 -1
34 LN -1 -1 -1 -1 5 0
35 LN -1 -1 -1 -1 5 0
36 LN -1 -1 -1 -1 4 0

[TREE 50]
NB_NODES: 45
0 IN 1 18 35 0.5 0 -1
1 IN 2 7 0 0.5 1 -1
2 IN 3 6 46 0.5 2 -1
3 IN 4 5 94 0.5 3 -1
4 LN -1 -1 -1 -1 4 0
5 LN -1 -1 -1 -1 4 1
6 LN -1 -1 -1 -1 3 0
7 IN 8 13 47 0.5 2 -1
8 IN 9 12 18 0.5 3 -1
9 IN 10 11 80 0.5 4 -1
10 LN -1 -1 -1 -1 5 0
11 LN -1 -1 -1 -1 5 1
12 LN -1 -1 -1 -1 4 0
13 IN 14 15 1 0.5 3 -1
14 LN -1 -1 -1 -1 4 0
15 IN 16 17 98 0.5 4 -1
16 LN -1 -1 -1 -1 5 0
17 LN -1 -1 -1 -1 5 0
18 IN 19 32 1 0.5 1 -1
19 IN 20 27 15 0.5 2 -1
20 IN 21 24 42 0.5 3 -1
21 IN 22 23 103 0.5 4 -1
22 LN -1 -1 -1 -1 5 0
23 LN -1 -1 -1 -1 5 0
24 IN 25 26 19 0.5 4 -1
25 LN -1 -1 -1 -1 5 0
26 LN -1 -1 -1 -1 5 1
27 IN 28 29 16 0.5 3 -1
28 LN -1 -1 -1 -1 4 0
29 IN 30 31 0 0.5 4 -1
30 LN -1 -1 -1 -1 5 0
31 LN -1 -1 -1 -1 5 0
32 IN 33 38 54 0.5 2 -1
33 IN 34 37 20 0.5 3 -1
34 IN 35 36 5 0.5 4 -1
35 LN -1 -1 -1 -1 5 0
36 LN -1 -1 -1 -1 5 0
37 LN -1 -1 -1 -1 4 1
38 IN 39 42 57 0.5 3 -1
39 IN 40 41 40 0.5 4 -1
40 LN -1 -1 -1 -1 5 0
41 LN -1 -1 -1 -1 5 0
42 IN 43 44 39 0.5 4 -1
43 LN -1 -1 -1 -1 5 0
44 LN -1 -1 -1 -1 5 0

[TREE 51]
NB_NODES: 43
0 IN 1 24 10 0.5 0 -1
1 IN 2 13 15 0.5 1 -1
2 IN 3 8 0 0.5 2 -1
3 IN 4 5 4 0.5 3 -1
4 LN -1 -1 -1 -1 4 0
5 IN 6 7 22 0.5 4 -1
6 LN -1 -1 -1 -1 5 0
7 LN -1 -1 -1 -1 5 1
8 IN 9 10 53 0.5 3 -1
9 LN -1 -1 -1 -1 4 0
10 IN 11 12 12 0.5 4 -1
11 LN -1 -1 -1 -1 5 0
12 LN -1 -1 -1 -1 5 0
13 IN 14 19 54 0.5 2 -1
14 IN 15 16 12 0.5 3 -1
15 LN -1 -1 -1 -1 4 0
16 IN 17 18 21 0.5 4 -1
17 LN -1 -1 -1 -1 5 1
18 LN -1 -1 -1 -1 5 0
19 IN 20 21 38 0.5 3 -1
20 LN -1 -1 -1 -1 4 0
21 IN 22 23 93 0.5 4 -1
22 LN -1 -1 -1 -1 5 0
23 LN -1 -1 -1 -1 5 0
24 IN 25 36 93 0.5 1 -1
25 IN 26 33 32 0.5 2 -1
26 IN 27 30 1 0.5 3 -1
27 IN 28 29 2 0.5 4 -1
28 LN -1 -1 -1 -1 5 0
29 LN -1 -1 -1 -1 5 0
30 IN 31 32 2 0.5 4 -1
31 LN -1 -1 -1 -1 5 0
32 LN -1 -1 -1 -1 5 0
33 IN 34 35 59 0.5 3 -1
34 LN -1 -1 -1 -1 4 1
35 LN -1 -1 -1 -1 4 0
36 IN 37 38 1 0.5 2 -1
37 LN -1 -1 -1 -1 3 0
38 IN 39 42 47 0.5 3 -1
39 IN 40 41 7 0.5 4 -1
40 LN -1 -1 -1 -1 5 0
41 LN -1 -1 -1 -1 5 1
42 LN -1 -1 -1 -1 4 0

[TREE 52]
NB_NODES: 37
0 IN 1 18 7 0.5 0 -1
1 IN 2 15 24 0.5 1 -1
2 IN 3 8 71 0.5 2 -1
3 IN 4 7 82 0.5 3 -1
4 IN 5 6 49 0.5 4 -1
5 LN -1 -1 -1 -1 5 0
6 LN -1 -1 -1 -1 5 1
7 LN -1 -1 -1 -1 4 0
8 IN 9 12 49 0.5 3 -1
9 IN 10 11 74 0.5 4 -1
10 LN -1 -1 -1 -1 5 0
11 LN -1 -1 -1 -1 5 0
12 IN 13 14 4 0.5 4 -1
13 LN -1 -1 -1 -1 5 0
14 LN -1 -1 -1 -1 5 0
15 IN 16 17 12 0.5 2 -1
16 LN -1 -1 -1 -1 3 0
17 LN -1 -1 -1 -1 3 1
18 IN 19 24 2 0.5 1 -1
19 IN 20 21 26 0.5 2 -1
20 LN -1 -1 -1 -1 3 0
21 IN 22 23 5 0.5 3 -1
22 LN -1 -1 -1 -1 4 1
23 LN -1 -1 -1 -1 4 0
24 IN 25 32 43 0.5 2 -1
25 IN 26 29 22 0.5 3 -1
26 IN 27 28 11 0.5 4 -1
27 LN -1 -1 -1 -1 5 0
28 LN -1 -1 -1 -1 5 0
29 IN 30 31 15 0.5 4 -1
30 LN -1 -1 -1 -1 5 1
31 LN -1 -1 -1 -1 5 0
32 IN 33 34 14 0.5 3 -1
33 LN -1 -1 -1 -1 4 0
34 IN 35 36 59 0.5 4 -1
35 LN -1 -1 -1 -1 5 0
36 LN -1 -1 -1 -1 5 0

[TREE 53]
NB_NODES: 39
0 IN 1 26 0 0.5 0 -1
1 IN 2 15 2 0.5 1 -1
2 IN 3 10 83 0.5 2 -1
3 IN 4 7 39 0.5 3 -1
4 IN 5 6 16 0.5 4 -1
5 LN -1 -1 -1 -1 5 0
6 LN -1 -1 -1 -1 5 0
7 IN 8 9 31 0.5 4 -1
8 LN -1 -1 -1 -1 5 0
9 LN -1 -1 -1 -1 5 1
10 IN 11 12 51 0.5 3 -1
11 LN -1 -1 -1 -1 4 0
12 IN 13 14 10 0.5 4 -1
13 LN -1 -1 -1 -1 5 0
14 LN -1 -1 -1 -1 5 0
15 IN 16 21 82 0.5 2 -1
16 IN 17 20 30 0.5 3 -1
17 IN 18 19 91 0.5 4 -1
18 LN -1 -1 -1 -1 5 1
19 LN -1 -1 -1 -1 5 0
20 LN -1 -1 -1 -1 4 0
21 IN 22 23 27 0.5 3 -1
22 LN -1 -1 -1 -1 4 0
23 IN 24 25 15 0.5 4 -1
24 LN -1 -1 -1 -1 5 1
25 LN -1 -1 -1 -1 5 0
26 IN 27 38 48 0.5 1 -1
27 IN 28 33 24 0.5 2 -1
28 IN 29 30 59 0.5 3 -1
29 LN -1 -1 -1 -1 4 0
30 IN 31 32 108 0.5 4 -1
31 LN -1 -1 -1 -1 5 0
32 LN -1 -1 -1 -1 5 0
33 IN 34 35 61 0.5 3 -1
34 LN -1 -1 -1 -1 4 0
35 IN 36 37 98 0.5 4 -1
36 LN -1 -1 -1 -1 5 0
37 LN -1 -1 -1 -1 5 1
38 LN -1 -1 -1 -1 2 0

[TREE 54]
NB_NODES: 33
0 IN 1 24 42 0.5 0 -1
1 IN 2 11 72 0.5 1 -1
2 IN 3 8 32 0.5 2 -1
3 IN 4 7 0 0.5 3 -1
4 IN 5 6 40 0.5 4 -1
5 LN -1 -1 -1 -1 5 0
6 LN -1 -1 -1 -1 5 0
7 LN -1 -1 -1 -1 4 0
8 IN 9 10 91 0.5 3 -1
9 LN -1 -1 -1 -1 4 0
10 LN -1 -1 -1 -1 4 1
11 IN 12 19 7 0.5 2 -1
12 IN 13 16 64 0.5 3 -1
13 IN 14 15 101 0.5 4 -1
14 LN -1 -1 -1 -1 5 0
15 LN -1 -1 -1 -1 5 0
16 IN 17 18 99 0.5 4 -1
17 LN -1 -1 -1 -1 5 0
18 LN -1 -1 -1 -1 5 0
19 IN 20 23 62 0.5 3 -1
20 IN 21 22 84 0.5 4 -1
21 LN -1 -1 -1 -1 5 0
22 LN -1 -1 -1 -1 5 1
23 LN -1 -1 -1 -1 4 0
24 IN 25 26 61 0.5 1 -1
25 LN -1 -1 -1 -1 2 0
26 IN 27 32 27 0.5 2 -1
27 IN 28 29 56 0.5 3 -1
28 LN -1 -1 -1 -1 4 0
29 IN 30 31 85 0.5 4 -1
30 LN -1 -1 -1 -1 5 0
31 LN -1 -1 -1 -1 5 0
32 LN -1 -1 -1 -1 3 0

[TREE 55]
NB_NODES: 25
0 IN 1 20 9 0.5 0 -1
1 IN 2 9 43 0.5 1 -1
2 IN 3 8 28 0.5 2 -1
3 IN 4 7 30 0.5 3 -1
4 IN 5 6 36 0.5 4 -1
5 LN -1 -1 -1 -1 5 0
6 LN -1 -1 -1 -1 5 0
7 LN -1 -1 -1 -1 4 0
8 LN -1 -1 -1 -1 3 0
9 IN 10 15 21 0.5 2 -1
10 IN 11 14 2 0.5 3 -1
11 IN 12 13 81 0.5 4 -1
12 LN -1 -1 -1 -1 5 1
13 LN -1 -1 -1 -1 5 0
14 LN -1 -1 -1 -1 4 0
15 IN 16 17 1 0.5 3 -1
16 LN -1 -1 -1 -1 4 0
17 IN 18 19 10 0.5 4 -1
18 LN -1 -1 -1 -1 5 0
19 LN -1 -1 -1 -1 5 0
20 IN 21 22 107 0.5 1 -1
21 LN -1 -1 -1 -1 2 0
22 IN 23 24 26 0.5 2 -1
23 LN -1 -1 -1 -1 3 1
24 LN -1 -1 -1 -1 3 0

[TREE 56]
NB_NODES: 35
0 IN 1 12 96 0.5 0 -1
1 IN 2 11 0 0.5 1 -1
2 IN 3 6 56 0.5 2 -1
3 IN 4 5 10 0.5 3 -1
4 LN -1 -1 -1 -1 4 0
5 LN -1 -1 -1 -1 4 1
6 IN 7 10 54 0.5 3 -1
7 IN 8 9 82 0.5 4 -1
8 LN -1 -1 -1 -1 5 1
9 LN -1 -1 -1 -1 5 0
10 LN -1 -1 -1 -1 4 0
11 LN -1 -1 -1 -1 2 0
12 IN 13 26 55 0.5 1 -1
13 IN 14 21 89 0.5 2 -1
14 IN 15 18 0 0.5 3 -1
15 IN 16 17 64 0.5 4 -1
16 LN -1 -1 -1 -1 5 0
17 LN -1 -1 -1 -1 5 0
18 IN 19 20 35 0.5 4 -1
19 LN -1 -1 -1 -1 5 0
20 LN -1 -1 -1 -1 5 0
21 IN 22 23 7 0.5 3 -1
22 LN -1 -1 -1 -1 4 0
23 IN 24 25 11 0.5 4 -1
24 LN -1 -1 -1 -1 5 1
25 LN -1 -1 -1 -1 5 0
26 IN 27 28 89 0.5 2 -1
27 LN -1 -1 -1 -1 3 0
28 IN 29 32 7 0.5 3 -1
29 IN 30 31 85 0.5 4 -1
30 LN -1 -1 -1 -1 5 0
31 LN -1 -1 -1 -1 5 0
32 IN 33 34 40 0.5 4 -1
33 LN -1 -1 -1 -1 5 0
34 LN -1 -1 -1 -1 5 0

[TREE 57]
NB_NODES: 35
0 IN 1 14 54 0.5 0 -1
1 IN 2 13 27 0.5 1 -1
2 IN 3 8 31 0.5 2 -1
3 IN 4 5 64 0.5 3 -1
4 LN -1 -1 -1 -1 4 0
5 IN 6 7 39 0.5 4 -1
6 LN -1 -1 -1 -1 5 0
7 LN -1 -1 -1 -1 5 0
8 IN 9 12 1 0.5 3 -1
9 IN 10 11 8 0.5 4 -1
10 LN -1 -1 -1 -1 5 0
11 LN -1 -1 -1 -1 5 0
12 LN -1 -1 -1 -1 4 1
13 LN -1 -1 -1 -1 2 0
14 IN 15 28 93 0.5 1 -1
15 IN 16 21 108 0.5 2 -1
16 IN 17 18 60 0.5 3 -1
17 LN -1 -1 -1 -1 4 0
18 IN 19 20 27 0.5 4 -1
19 LN -1 -1 -1 -1 5 0
20 LN -1 -1 -1 -1 5 0
21 IN 22 25 14 0.5 3 -1
22 IN 23 24 55 0.5 4 -1
23 LN -1 -1 -1 -1 5 0
24 LN -1 -1 -1 -1 5 0
25 IN 26 27 51 0.5 4 -1
26 LN -1 -1 -1 -1 5 0
27 LN -1 -1 -1 -1 5 1
28 IN 29 34 34 0.5 2 -1
29 IN 30 33 55 0.5 3 -1
30 IN 31 32 33 0.5 4 -1
31 LN -1 -1 -1 -1 5 0
32 LN -1 -1 -1 -1 5 1
33 LN -1 -1 -1 -1 4 0
34 LN -1 -1 -1 -1 3 0

[TREE 58]
NB_NODES: 33
0 IN 1 14 99 0.5 0 -1
1 IN 2 9 12 0.5 1 -1
2 IN 3 8 54 0.5 2 -1
3 IN 4 7 73 0.5 3 -1
4 IN 5 6 17 0.5 4 -1
5 LN -1 -1 -1 -1 5 0
6 LN -1 -1 -1 -1 5 1
7 LN -1 -1 -1 -1 4 0
8 LN -1 -1 -1 -1 3 1
9 IN 10 11 30 0.5 2 -1
10 LN -1 -1 -1 -1 3 0
11 IN 12 13 1 0.5 3 -1
12 LN -1 -1 -1 -1 4 0
13 LN -1 -1 -1 -1 4 1
14 IN 15 24 0 0.5 1 -1
15 IN 16 17 35 0.5 2 -1
16 LN -1 -1 -1 -1 3 1
17 IN 18 21 85 0.5 3 -1
18 IN 19 20 43 0.5 4 -1
19 LN -1 -1 -1 -1 5 0
20 LN -1 -1 -1 -1 5 0
21 IN 22 23 68 0.5 4 -1
22 LN -1 -1 -1 -1 5 0
23 LN -1 -1 -1 -1 5 0
24 IN 25 26 52 0.5 2 -1
25 LN -1 -1 -1 -1 3 0
26 IN 27 30 49 0.5 3 -1
27 IN 28 29 25 0.5 4 -1
28 LN -1 -1 -1 -1 5 0
29 LN -1 -1 -1 -1 5 0
30 IN 31 32 30 0.5 4 -1
31 LN -1 -1 -1 -1 5 0
32 LN -1 -1 -1 -1 5 1

[TREE 59]
NB_NODES: 27
0 IN 1 18 83 0.5 0 -1
1 IN 2 9 70 0.5 1 -1
2 IN 3 8 99 0.5 2 -1
3 IN 4 5 31 0.5 3 -1
4 LN -1 -1 -1 -1 4 0
5 IN 6 7 21 0.5 4 -1
6 LN -1 -1 -1 -1 5 1
7 LN -1 -1 -1 -1 5 0
8 LN -1 -1 -1 -1 3 0
9 IN 10 17 0 0.5 2 -1
10 IN 11 14 7 0.5 3 -1
11 IN 12 13 31 0.5 4 -1
12 LN -1 -1 -1 -1 5 1
13 LN -1 -1 -1 -1 5 0
14 IN 15 16 26 0.5 4 -1
15 LN -1 -1 -1 -1 5 0
16 LN -1 -1 -1 -1 5 1
17 LN -1 -1 -1 -1 3 0
18 IN 19 20 87 0.5 1 -1
19 LN -1 -1 -1 -1 2 0
20 IN 21 22 11 0.5 2 -1
21 LN -1 -1 -1 -1 3 0
22 IN 23 26 79 0.5 3 -1
23 IN 24 25 40 0.5 4 -1
24 LN -1 -1 -1 -1 5 0
25 LN -1 -1 -1 -1 5 0
26 LN -1 -1 -1 -1 4 1

[TREE 60]
NB_NODES: 33
0 IN 1 24 55 0.5 0 -1
1 IN 2 11 35 0.5 1 -1
2 IN 3 6 47 0.5 2 -1
3 IN 4 5 64 0.5 3 -1
4 LN -1 -1 -1 -1 4 1
5 LN -1 -1 -1 -1 4 0
6 IN 7 8 48 0.5 3 -1
7 LN -1 -1 -1 -1 4 0
8 IN 9 10 1 0.5 4 -1
9 LN -1 -1 -1 -1 5 0
10 LN -1 -1 -1 -1 5 1
11 IN 12 19 0 0.5 2 -1
12 IN 13 16 6 0.5 3 -1
13 IN 14 15 22 0.5 4 -1
14 LN -1 -1 -1 -1 5 0
15 LN -1 -1 -1 -1 5 0
16 IN 17 18 48 0.5 4 -1
17 LN -1 -1 -1 -1 5 0
18 LN -1 -1 -1 -1 5 0
19 IN 20 23 69 0.5 3 -1
20 IN 21 22 47 0.5 4 -1
21 LN -1 -1 -1 -1 5 0
22 LN -1 -1 -1 -1 5 0
23 LN -1 -1 -1 -1 4 0
24 IN 25 32 15 0.5 1 -1
25 IN 26 31 72 0.5 2 -1
26 IN 27 28 80 0.5 3 -1
27 LN -1 -1 -1 -1 4 0
28 IN 29 30 61 0.5 4 -1
29 LN -1 -1 -1 -1 5 0
30 LN -1 -1 -1 -1 5 0
31 LN -1 -1 -1 -1 3 0
32 LN -1 -1 -1 -1 2 0

[TREE 61]
NB_NODES: 41
0 IN 1 26 0 0.5 0 -1
1 IN 2 13 1 0.5 1 -1
2 IN 3 8 38 0.5 2 -1
3 IN 4 7 96 0.5 3 -1
4 IN 5 6 97 0.5 4 -1
5 LN -1 -1 -1 -1 5 0
6 LN -1 -1 -1 -1 5 0
7 LN -1 -1 -1 -1 4 0
8 IN 9 10 54 0.5 3 -1
9 LN -1 -1 -1 -1 4 0
10 IN 11 12 67 0.5 4 -1
11 LN -1 -1 -1 -1 5 0
12 LN -1 -1 -1 -1 5 1
13 IN 14 21 69 0.5 2 -1
14 IN 15 18 57 0.5 3 -1
15 IN 16 17 10 0.5 4 -1
16 LN -1 -1 -1 -1 5 1
17 LN -1 -1 -1 -1 5 0
18 IN 19 20 60 0.5 4 -1
19 LN -1 -1 -1 -1 5 0
20 LN -1 -1 -1 -1 5 1
21 IN 22 23 97 0.5 3 -1
22 LN -1 -1 -1 -1 4 0
23 IN 24 25 15 0.5 4 -1
24 LN -1 -1 -1 -1 5 1
25 LN -1 -1 -1 -1 5 0
26 IN 27 28 51 0.5 1 -1
27 LN -1 -1 -1 -1 2 0
28 IN 29 34 105 0.5 2 -1
29 IN 30 31 56 0.5 3 -1
30 LN -1 -1 -1 -1 4 0
31 IN 32 33 63 0.5 4 -1
32 LN -1 -1 -1 -1 5 1
33 LN -1 -1 -1 -1 5 0
34 IN 35 38 58 0.5 3 -1
35 IN 36 37 104 0.5 4 -1
36 LN -1 -1 -1 -1 5 0
37 LN -1 -1 -1 -1 5 0
38 IN 39 40 53 0.5 4 -1
39 LN -1 -1 -1 -1 5 0
40 LN -1 -1 -1 -1 5 0

[TREE 62]
NB_NODES: 43
0 IN 1 28 28 0.5 0 -1
1 IN 2 13 54 0.5 1 -1
2 IN 3 8 7 0.5 2 -1
3 IN 4 5 68 0.5 3 -1
4 LN -1 -1 -1 -1 4 0
5 IN 6 7 64 0.5 4 -1
6 LN -1 -1 -1 -1 5 1
7 LN -1 -1 -1 -1 5 0
8 IN 9 10 107 0.5 3 -1
9 LN -1 -1 -1 -1 4 0
10 IN 11 12 85 0.5 4 -1
11 LN -1 -1 -1 -1 5 1
12 LN -1 -1 -1 -1 5 0
13 IN 14 21 8 0.5 2 -1
14 IN 15 18 91 0.5 3 -1
15 IN 16 17 40 0.5 4 -1
16 LN -1 -1 -1 -1 5 0
17 LN -1 -1 -1 -1 5 0
18 IN 19 20 79 0.5 4 -1
19 LN -1 -1 -1 -1 5 0
20 LN -1 -1 -1 -1 5 1
21 IN 22 25 91 0.5 3 -1
22 IN 23 24 58 0.5 4 -1
23 LN -1 -1 -1 -1 5 0
24 LN -1 -1 -1 -1 5 0
25 IN 26 27 18 0.5 4 -1
26 LN -1 -1 -1 -1 5 1
27 LN -1 -1 -1 -1 5 0
28 IN 29 32 99 0.5 1 -1
29 IN 30 31 54 0.5 2 -1
30 LN -1 -1 -1 -1 3 0
31 LN -1 -1 -1 -1 3 1
32 IN 33 38 24 0.5 2 -1
33 IN 34 35 25 0.5 3 -1
34 LN -1 -1 -1 -1 4 0
35 IN 36 37 5 0.5 4 -1
36 LN -1 -1 -1 -1 5 0
37 LN -1 -1 -1 -1 5 0
38 IN 39 42 26 0.5 3 -1
39 IN 40 41 19 0.5 4 -1
40 LN -1 -1 -1 -1 5 0
41 LN -1 -1 -1 -1 5 1
42 LN -1 -1 -1 -1 4 0

[TREE 63]
NB_NODES: 35
0 IN 1 16 7 0.5 0 -1
1 IN 2 13 32 0.5 1 -1
2 IN 3 8 69 0.5 2 -1
3 IN 4 5 72 0.5 3 -1
4 LN -1 -1 -1 -1 4 0
5 IN 6 7 48 0.5 4 -1
6 LN -1 -1 -1 -1 5 0
7 LN -1 -1 -1 -1 5 0
8 IN 9 10 44 0.5 3 -1
9 LN -1 -1 -1 -1 4 0
10 IN 11 12 6 0.5 4 -1
11 LN -1 -1 -1 -1 5 0
12 LN -1 -1 -1 -1 5 0
13 IN 14 15 13 0.5 2 -1
14 LN -1 -1 -1 -1 3 1
15 LN -1 -1 -1 -1 3 0
16 IN 17 26 36 0.5 1 -1
17 IN 18 23 32 0.5 2 -1
18 IN 19 20 53 0.5 3 -1
19 LN -1 -1 -1 -1 4 0
20 IN 21 22 59 0.5 4 -1
21 LN -1 -1 -1 -1 5 0
22 LN -1 -1 -1 -1 5 0
23 IN 24 25 41 0.5 3 -1
24 LN -1 -1 -1 -1 4 1
25 LN -1 -1 -1 -1 4 0
26 IN 27 34 33 0.5 2 -1
27 IN 28 31 37 0.5 3 -1
28 IN 29 30 46 0.5 4 -1
29 LN -1 -1 -1 -1 5 0
30 LN -1 -1 -1 -1 5 1
31 IN 32 33 99 0.5 4 -1
32 LN -1 -1 -1 -1 5 0
33 LN -1 -1 -1 -1 5 0
34 LN -1 -1 -1 -1 3 0

[TREE 64]
NB_NODES: 31
0 IN 1 12 99 0.5 0 -1
1 IN 2 3 47 0.5 1 -1
2 LN -1 -1 -1 -1 2 0
3 IN 4 9 1 0.5 2 -1
4 IN 5 6 73 0.5 3 -1
5 LN -1 -1 -1 -1 4 0
6 IN 7 8 108 0.5 4 -1
7 LN -1 -1 -1 -1 5 0
8 LN -1 -1 -1 -1 5 0
9 IN 10 11 27 0.5 3 -1
10 LN -1 -1 -1 -1 4 1
11 LN -1 -1 -1 -1 4 0
12 IN 13 26 24 0.5 1 -1
13 IN 14 21 42 0.5 2 -1
14 IN 15 18 0 0.5 3 -1
15 IN 16 17 11 0.5 4 -1
16 LN -1 -1 -1 -1 5 0
17 LN -1 -1 -1 -1 5 0
18 IN 19 20 35 0.5 4 -1
19 LN -1 -1 -1 -1 5 0
20 LN -1 -1 -1 -1 5 0
21 IN 22 25 35 0.5 3 -1
22 IN 23 24 10 0.5 4 -1
23 LN -1 -1 -1 -1 5 0
24 LN -1 -1 -1 -1 5 0
25 LN -1 -1 -1 -1 4 0
26 IN 27 30 62 0.5 2 -1
27 IN 28 29 19 0.5 3 -1
28 LN -1 -1 -1 -1 4 0
29 LN -1 -1 -1 -1 4 1
30 LN -1 -1 -1 -1 3 0

[TREE 65]
NB_NODES: 43
0 IN 1 20 43 0.5 0 -1
1 IN 2 11 28 0.5 1 -1
2 IN 3 10 0 0.5 2 -1
3 IN 4 7 38 0.5 3 -1
4 IN 5 6 92 0.5 4 -1
5 LN -1 -1 -1 -1 5 0
6 LN -1 -1 -1 -1 5 0
7 IN 8 9 54 0.5 4 -1
8 LN -1 -1 -1 -1 5 0
9 LN -1 -1 -1 -1 5 1
10 LN -1 -1 -1 -1 3 0
11 IN 12 19 82 0.5 2 -1
12 IN 13 16 61 0.5 3 -1
13 IN 14 15 42 0.5 4 -1
14 LN -1 -1 -1 -1 5 0
15 LN -1 -1 -1 -1 5 0
16 IN 17 18 88 0.5 4 -1
17 LN -1 -1 -1 -1 5 0
18 LN -1 -1 -1 -1 5 1
19 LN -1 -1 -1 -1 3 0
20 IN 21 32 2 0.5 1 -1
21 IN 22 27 3 0.5 2 -1
22 IN 23 24 31 0.5 3 -1
23 LN -1 -1 -1 -1 4 0
24 IN 25 26 71 0.5 4 -1
25 LN -1 -1 -1 -1 5 0
26 LN -1 -1 -1 -1 5 0
27 IN 28 31 57 0.5 3 -1
28 IN 29 30 106 0.5 4 -1
29 LN -1 -1 -1 -1 5 1
30 LN -1 -1 -1 -1 5 0
31 LN -1 -1 -1 -1 4 0
32 IN 33 38 0 0.5 2 -1
33 IN 34 35 90 0.5 3 -1
34 LN -1 -1 -1 -1 4 0
35 IN 36 37 85 0.5 4 -1
36 LN -1 -1 -1 -1 5 0
37 LN -1 -1 -1 -1 5 1
38 IN 39 42 78 0.5 3 -1
39 IN 40 41 48 0.5 4 -1
40 LN -1 -1 -1 -1 5 0
41 LN -1 -1 -1 -1 5 0
42 LN -1 -1 -1 -1 4 0

[TREE 66]
NB_NODES: 41
0 IN 1 30 49 0.5 0 -1
1 IN 2 17 7 0.5 1 -1
2 IN 3 10 74 0.5 2 -1
3 IN 4 7 96 0.5 3 -1
4 IN 5 6 57 0.5 4 -1
5 LN -1 -1 -1 -1 5 0
6 LN -1 -1 -1 -1 5 0
7 IN 8 9 28 0.5 4 -1
8 LN -1 -1 -1 -1 5 0
9 LN -1 -1 -1 -1 5 0
10 IN 11 14 15 0.5 3 -1
11 IN 12 13 81 0.5 4 -1
12 LN -1 -1 -1 -1 5 0
13 LN -1 -1 -1 -1 5 0
14 IN 15 16 5 0.5 4 -1
15 LN -1 -1 -1 -1 5 0
16 LN -1 -1 -1 -1 5 0
17 IN 18 25 89 0.5 2 -1
18 IN 19 22 0 0.5 3 -1
19 IN 20 21 36 0.5 4 -1
20 LN -1 -1 -1 -1 5 0
21 LN -1 -1 -1 -1 5 1
22 IN 23 24 57 0.5 4 -1
23 LN -1 -1 -1 -1 5 0
24 LN -1 -1 -1 -1 5 0
25 IN 26 27 107 0.5 3 -1
26 LN -1 -1 -1 -1 4 0
27 IN 28 29 32 0.5 4 -1
28 LN -1 -1 -1 -1 5 1
29 LN -1 -1 -1 -1 5 0
30 IN 31 40 31 0.5 1 -1
31 IN 32 39 91 0.5 2 -1
32 IN 33 36 87 0.5 3 -1
33 IN 34 35 107 0.5 4 -1
34 LN -1 -1 -1 -1 5 1
35 LN -1 -1 -1 -1 5 0
36 IN 37 38 48 0.5 4 -1
37 LN -1 -1 -1 -1 5 1
38 LN -1 -1 -1 -1 5 0
39 LN -1 -1 -1 -1 3 0
40 LN -1 -1 -1 -1 2 0

[TREE 67]
NB_NODES: 43
0 IN 1 24 0 0.5 0 -1
1 IN 2 15 79 0.5 1 -1
2 IN 3 8 54 0.5 2 -1
3 IN 4 5 8 0.5 3 -1
4 LN -1 -1 -1 -1 4 0
5 IN 6 7 57 0.5 4 -1
6 LN -1 -1 -1 -1 5 0
7 LN -1 -1 -1 -1 5 0
8 IN 9 12 62 0.5 3 -1
9 IN 10 11 17 0.5 4 -1
10 LN -1 -1 -1 -1 5 0
11 LN -1 -1 -1 -1 5 1
12 IN 13 14 14 0.5 4 -1
13 LN -1 -1 -1 -1 5 0
14 LN -1 -1 -1 -1 5 0
15 IN 16 21 73 0.5 2 -1
16 IN 17 18 10 0.5 3 -1
17 LN -1 -1 -1 -1 4 0
18 IN 19 20 7 0.5 4 -1
19 LN -1 -1 -1 -1 5 1
20 LN -1 -1 -1 -1 5 0
21 IN 22 23 68 0.5 3 -1
22 LN -1 -1 -1 -1 4 1
23 LN -1 -1 -1 -1 4 0
24 IN 25 36 61 0.5 1 -1
25 IN 26 31 32 0.5 2 -1
26 IN 27 30 37 0.5 3 -1
27 IN 28 29 91 0.5 4 -1
28 LN -1 -1 -1 -1 5 0
29 LN -1 -1 -1 -1 5 0
30 LN -1 -1 -1 -1 4 0
31 IN 32 33 30 0.5 3 -1
32 LN -1 -1 -1 -1 4 0
33 IN 34 35 103 0.5 4 -1
34 LN -1 -1 -1 -1 5 1
35 LN -1 -1 -1 -1 5 0
36 IN 37 42 62 0.5 2 -1
37 IN 38 39 59 0.5 3 -1
38 LN -1 -1 -1 -1 4 0
39 IN 40 41 10 0.5 4 -1
40 LN -1 -1 -1 -1 5 0
41 LN -1 -1 -1 -1 5 0
42 LN -1 -1 -1 -1 3 0

[TREE 68]
NB_NODES: 31
0 IN 1 24 3 0.5 0 -1
1 IN 2 13 99 0.5 1 -1
2 IN 3 8 40 0.5 2 -1
3 IN 4 7 60 0.5 3 -1
4 IN 5 6 43 0.5 4 -1
5 LN -1 -1 -1 -1 5 0
6 LN -1 -1 -1 -1 5 0
7 LN -1 -1 -1 -1 4 0
8 IN 9 12 27 0.5 3 -1
9 IN 10 11 75 0.5 4 -1
10 LN -1 -1 -1 -1 5 0
11 LN -1 -1 -1 -1 5 1
12 LN -1 -1 -1 -1 4 0
13 IN 14 21 19 0.5 2 -1
14 IN 15 18 58 0.5 3 -1
15 IN 16 17 73 0.5 4 -1
16 LN -1 -1 -1 -1 5 0
17 LN -1 -1 -1 -1 5 0
18 IN 19 20 7 0.5 4 -1
19 LN -1 -1 -1 -1 5 0
20 LN -1 -1 -1 -1 5 0
21 IN 22 23 18 0.5 3 -1
22 LN -1 -1 -1 -1 4 1
23 LN -1 -1 -1 -1 4 0
24 IN 25 30 37 0.5 1 -1
25 IN 26 27 0 0.5 2 -1
26 LN -1 -1 -1 -1 3 1
27 IN 28 29 1 0.5 3 -1
28 LN -1 -1 -1 -1 4 0
29 LN -1 -1 -1 -1 4 1
30 LN -1 -1 -1 -1 2 0

[TREE 69]
NB_NODES: 39
0 IN 1 16 35 0.5 0 -1
1 IN 2 9 1 0.5 1 -1
2 IN 3 8 84 0.5 2 -1
3 IN 4 7 103 0.5 3 -1
4 IN 5 6 68 0.5 4 -1
5 LN -1 -1 -1 -1 5 1
6 LN -1 -1 -1 -1 5 0
7 LN -1 -1 -1 -1 4 0
8 LN -1 -1 -1 -1 3 0
9 IN 10 15 57 0.5 2 -1
10 IN 11 14 44 0.5 3 -1
11 IN 12 13 16 0.5 4 -1
12 LN -1 -1 -1 -1 5 0
13 LN -1 -1 -1 -1 5 1
14 LN -1 -1 -1 -1 4 0
15 LN -1 -1 -1 -1 3 1
16 IN 17 28 10 0.5 1 -1
17 IN 18 23 58 0.5 2 -1
18 IN 19 20 107 0.5 3 -1
19 LN -1 -1 -1 -1 4 0
20 IN 21 22 6 0.5 4 -1
21 LN -1 -1 -1 -1 5 0
22 LN -1 -1 -1 -1 5 0
23 IN 24 25 68 0.5 3 -1
24 LN -1 -1 -1 -1 4 0
25 IN 26 27 29 0.5 4 -1
26 LN -1 -1 -1 -1 5 0
27 LN -1 -1 -1 -1 5 0
28 IN 29 32 21 0.5 2 -1
29 IN 30 31 12 0.5 3 -1
30 LN -1 -1 -1 -1 4 1
31 LN -1 -1 -1 -1 4 0
32 IN 33 36 99 0.5 3 -1
33 IN 34 35 31 0.5 4 -1
34 LN -1 -1 -1 -1 5 0
35 LN -1 -1 -1 -1 5 1
36 IN 37 38 1 0.5 4 -1
37 LN -1 -1 -1 -1 5 0
38 LN -1 -1 -1 -1 5 0

[TREE 70]
NB_NODES: 41
0 IN 1 24 37 0.5 0 -1
1 IN 2 15 48 0.5 1 -1
2 IN 3 10 4 0.5 2 -1
3 IN 4 7 54 0.5 3 -1
4 IN 5 6 27 0.5 4 -1
5 LN -1 -1 -1 -1 5 0
6 LN -1 -1 -1 -1 5 0
7 IN 8 9 102 0.5 4 -1
8 LN -1 -1 -1 -1 5 0
9 LN -1 -1 -1 -1 5 0
10 IN 11 14 64 0.5 3 -1
11 IN 12 13 1 0.5 4 -1
12 LN -1 -1 -1 -1 5 0
13 LN -1 -1 -1 -1 5 0
14 LN -1 -1 -1 -1 4 1
15 IN 16 21 106 0.5 2 -1
16 IN 17 18 30 0.5 3 -1
17 LN -1 -1 -1 -1 4 0
18 IN 19 20 54 0.5 4 -1
19 LN -1 -1 -1 -1 5 1
20 LN -1 -1 -1 -1 5 0
21 IN 22 23 3 0.5 3 -1
22 LN -1 -1 -1 -1 4 0
23 LN -1 -1 -1 -1 4 1
24 IN 25 32 7 0.5 1 -1
25 IN 26 27 24 0.5 2 -1
26 LN -1 -1 -1 -1 3 0
27 IN 28 29 56 0.5 3 -1
28 LN -1 -1 -1 -1 4 0
29 IN 30 31 47 0.5 4 -1
30 LN -1 -1 -1 -1 5 0
31 LN -1 -1 -1 -1 5 1
32 IN 33 38 57 0.5 2 -1
33 IN 34 37 40 0.5 3 -1
34 IN 35 36 41 0.5 4 -1
35 LN -1 -1 -1 -1 5 0
36 LN -1 -1 -1 -1 5 0
37 LN -1 -1 -1 -1 4 0
38 IN 39 40 97 0.5 3 -1
39 LN -1 -1 -1 -1 4 1
40 LN -1 -1 -1 -1 4 0

[TREE 71]
NB_NODES: 33
0 IN 1 26 32 0.5 0 -1
1 IN 2 15 15 0.5 1 -1
2 IN 3 8 46 0.5 2 -1
3 IN 4 5 88 0.5 3 -1
4 LN -1 -1 -1 -1 4 0
5 IN 6 7 47 0.5 4 -1
6 LN -1 -1 -1 -1 5 0
7 LN -1 -1 -1 -1 5 1
8 IN 9 12 0 0.5 3 -1
9 IN 10 11 37 0.5 4 -1
10 LN -1 -1 -1 -1 5 1
11 LN -1 -1 -1 -1 5 0
12 IN 13 14 53 0.5 4 -1
13 LN -1 -1 -1 -1 5 0
14 LN -1 -1 -1 -1 5 0
15 IN 16 21 16 0.5 2 -1
16 IN 17 20 93 0.5 3 -1
17 IN 18 19 0 0.5 4 -1
18 LN -1 -1 -1 -1 5 0
19 LN -1 -1 -1 -1 5 0
20 LN -1 -1 -1 -1 4 0
21 IN 22 23 14 0.5 3 -1
22 LN -1 -1 -1 -1 4 0
23 IN 24 25 80 0.5 4 -1
24 LN -1 -1 -1 -1 5 1
25 LN -1 -1 -1 -1 5 0
26 IN 27 32 31 0.5 1 -1
27 IN 28 29 23 0.5 2 -1
28 LN -1 -1 -1 -1 3 1
29 IN 30 31 7 0.5 3 -1
30 LN -1 -1 -1 -1 4 0
31 LN -1 -1 -1 -1 4 1
32 LN -1 -1 -1 -1 2 0

[TREE 72]
NB_NODES: 33
0 IN 1 28 32 0.5 0 -1
1 IN 2 15 36 0.5 1 -1
2 IN 3 8 71 0.5 2 -1
3 IN 4 7 5 0.5 3 -1
4 IN 5 6 48 0.5 4 -1
5 LN -1 -1 -1 -1 5 0
6 LN -1 -1 -1 -1 5 0
7 LN -1 -1 -1 -1 4 0
8 IN 9 12 9 0.5 3 -1
9 IN 10 11 103 0.5 4 -1
10 LN -1 -1 -1 -1 5 0
11 LN -1 -1 -1 -1 5 0
12 IN 13 14 18 0.5 4 -1
13 LN -1 -1 -1 -1 5 1
14 LN -1 -1 -1 -1 5 0
15 IN 16 21 2 0.5 2 -1
16 IN 17 18 8 0.5 3 -1
17 LN -1 -1 -1 -1 4 0
18 IN 19 20 45 0.5 4 -1
19 LN -1 -1 -1 -1 5 0
20 LN -1 -1 -1 -1 5 0
21 IN 22 25 58 0.5 3 -1
22 IN 23 24 11 0.5 4 -1
23 LN -1 -1 -1 -1 5 0
24 LN -1 -1 -1 -1 5 0
25 IN 26 27 3 0.5 4 -1
26 LN -1 -1 -1 -1 5 0
27 LN -1 -1 -1 -1 5 0
28 IN 29 32 57 0.5 1 -1
29 IN 30 31 0 0.5 2 -1
30 LN -1 -1 -1 -1 3 1
31 LN -1 -1 -1 -1 3 0
32 LN -1 -1 -1 -1 2 1

[TREE 73]
NB_NODES: 37
0 IN 1 16 43 0.5 0 -1
1 IN 2 3 94 0.5 1 -1
2 LN -1 -1 -1 -1 2 0
3 IN 4 9 101 0.5 2 -1
4 IN 5 8 12 0.5 3 -1
5 IN 6 7 27 0.5 4 -1
6 LN -1 -1 -1 -1 5 1
7 LN -1 -1 -1 -1 5 0
8 LN -1 -1 -1 -1 4 0
9 IN 10 13 84 0.5 3 -1
10 IN 11 12 46 0.5 4 -1
11 LN -1 -1 -1 -1 5 0
12 LN -1 -1 -1 -1 5 0
13 IN 14 15 7 0.5 4 -1
14 LN -1 -1 -1 -1 5 0
15 LN -1 -1 -1 -1 5 0
16 IN 17 30 49 0.5 1 -1
17 IN 18 25 99 0.5 2 -1
18 IN 19 22 72 0.5 3 -1
19 IN 20 21 57 0.5 4 -1
20 LN -1 -1 -1 -1 5 0
21 LN -1 -1 -1 -1 5 1
22 IN 23 24 60 0.5 4 -1
23 LN -1 -1 -1 -1 5 0
24 LN -1 -1 -1 -1 5 0
25 IN 26 29 12 0.5 3 -1
26 IN 27 28 72 0.5 4 -1
27 LN -1 -1 -1 -1 5 0
28 LN -1 -1 -1 -1 5 0
29 LN -1 -1 -1 -1 4 0
30 IN 31 32 8 0.5 2 -1
31 LN -1 -1 -1 -1 3 0
32 IN 33 36 76 0.5 3 -1
33 IN 34 35 68 0.5 4 -1
34 LN -1 -1 -1 -1 5 1
35 LN -1 -1 -1 -1 5 0
36 LN -1 -1 -1 -1 4 0

[TREE 74]
NB_NODES: 39
0 IN 1 24 0 0.5 0 -1
1 IN 2 15 1 0.5 1 -1
2 IN 3 10 102 0.5 2 -1
3 IN 4 7 16 0.5 3 -1
4 IN 5 6 23 0.5 4 -1
5 LN -1 -1 -1 -1 5 0
6 LN -1 -1 -1 -1 5 1
7 IN 8 9 10 0.5 4 -1
8 LN -1 -1 -1 -1 5 0
9 LN -1 -1 -1 -1 5 1
10 IN 11 14 47 0.5 3 -1
11 IN 12 13 2 0.5 4 -1
12 LN -1 -1 -1 -1 5 0
13 LN -1 -1 -1 -1 5 1
14 LN -1 -1 -1 -1 4 0
15 IN 16 23 79 0.5 2 -1
16 IN 17 20 83 0.5 3 -1
17 IN 18 19 76 0.5 4 -1
18 LN -1 -1 -1 -1 5 1
19 LN -1 -1 -1 -1 5 0
20 IN 21 22 81 0.5 4 -1
21 LN -1 -1 -1 -1 5 0
22 LN -1 -1 -1 -1 5 0
23 LN -1 -1 -1 -1 3 1
24 IN 25 32 33 0.5 1 -1
25 IN 26 27 86 0.5 2 -1
26 LN -1 -1 -1 -1 3 0
27 IN 28 29 30 0.5 3 -1
28 LN -1 -1 -1 -1 4 0
29 IN 30 31 90 0.5 4 -1
30 LN -1 -1 -1 -1 5 0
31 LN -1 -1 -1 -1 5 0
32 IN 33 34 25 0.5 2 -1
33 LN -1 -1 -1 -1 3 0
34 IN 35 38 90 0.5 3 -1
35 IN 36 37 12 0.5 4 -1
36 LN -1 -1 -1 -1 5 0
37 LN -1 -1 -1 -1 5 1
38 LN -1 -1 -1 -1 4 0

[TREE 75]
NB_NODES: 27
0 IN 1 14 2 0.5 0 -1
1 IN 2 13 27 0.5 1 -1
2 IN 3 8 36 0.5 2 -1
3 IN 4 7 88 0.5 3 -1
4 IN 5 6 10 0.5 4 -1
5 LN -1 -1 -1 -1 5 0
6 LN -1 -1 -1 -1 5 1
7 LN -1 -1 -1 -1 4 0
8 IN 9 12 103 0.5 3 -1
9 IN 10 11 5 0.5 4 -1
10 LN -1 -1 -1 -1 5 1
11 LN -1 -1 -1 -1 5 0
12 LN -1 -1 -1 -1 4 0
13 LN -1 -1 -1 -1 2 0
14 IN 15 26 98 0.5 1 -1
15 IN 16 21 84 0.5 2 -1
16 IN 17 20 33 0.5 3 -1
17 IN 18 19 25 0.5 4 -1
18 LN -1 -1 -1 -1 5 0
19 LN -1 -1 -1 -1 5 0
20 LN -1 -1 -1 -1 4 1
21 IN 22 25 31 0.5 3 -1
22 IN 23 24 61 0.5 4 -1
23 LN -1 -1 -1 -1 5 0
24 LN -1 -1 -1 -1 5 0
25 LN -1 -1 -1 -1 4 0
26 LN -1 -1 -1 -1 2 0

[TREE 76]
NB_NODES: 35
0 IN 1 24 93 0.5 0 -1
1 IN 2 13 99 0.5 1 -1
2 IN 3 8 1 0.5 2 -1
3 IN 4 7 60 0.5 3 -1
4 IN 5 6 18 0.5 4 -1
5 LN -1 -1 -1 -1 5 0
6 LN -1 -1 -1 -1 5 0
7 LN -1 -1 -1 -1 4 0
8 IN 9 12 7 0.5 3 -1
9 IN 10 11 18 0.5 4 -1
10 LN -1 -1 -1 -1 5 0
11 LN -1 -1 -1 -1 5 0
12 LN -1 -1 -1 -1 4 1
13 IN 14 19 46 0.5 2 -1
14 IN 15 16 66 0.5 3 -1
15 LN -1 -1 -1 -1 4 0
16 IN 17 18 13 0.5 4 -1
17 LN -1 -1 -1 -1 5 0
18 LN -1 -1 -1 -1 5 0
19 IN 20 23 87 0.5 3 -1
20 IN 21 22 81 0.5 4 -1
21 LN -1 -1 -1 -1 5 0
22 LN -1 -1 -1 -1 5 1
23 LN -1 -1 -1 -1 4 0
24 IN 25 28 15 0.5 1 -1
25 IN 26 27 9 0.5 2 -1
26 LN -1 -1 -1 -1 3 0
27 LN -1 -1 -1 -1 3 1
28 IN 29 30 11 0.5 2 -1
29 LN -1 -1 -1 -1 3 0
30 IN 31 34 56 0.5 3 -1
31 IN 32 33 35 0.5 4 -1
32 LN -1 -1 -1 -1 5 1
33 LN -1 -1 -1 -1 5 0
34 LN -1 -1 -1 -1 4 0

[TREE 77]
NB_NODES: 29
0 IN 1 26 9 0.5 0 -1
1 IN 2 13 0 0.5 1 -1
2 IN 3 8 50 0.5 2 -1
3 IN 4 7 85 0.5 3 -1
4 IN 5 6 36 0.5 4 -1
5 LN -1 -1 -1 -1 5 0
6 LN -1 -1 -1 -1 5 1
7 LN -1 -1 -1 -1 4 0
8 IN 9 12 12 0.5 3 -1
9 IN 10 11 2 0.5 4 -1
10 LN -1 -1 -1 -1 5 0
11 LN -1 -1 -1 -1 5 1
12 LN -1 -1 -1 -1 4 0
13 IN 14 21 49 0.5 2 -1
14 IN 15 18 32 0.5 3 -1
15 IN 16 17 58 0.5 4 -1
16 LN -1 -1 -1 -1 5 0
17 LN -1 -1 -1 -1 5 0
18 IN 19 20 11 0.5 4 -1
19 LN -1 -1 -1 -1 5 0
20 LN -1 -1 -1 -1 5 0
21 IN 22 25 82 0.5 3 -1
22 IN 23 24 42 0.5 4 -1
23 LN -1 -1 -1 -1 5 0
24 LN -1 -1 -1 -1 5 0
25 LN -1 -1 -1 -1 4 0
26 IN 27 28 76 0.5 1 -1
27 LN -1 -1 -1 -1 2 1
28 LN -1 -1 -1 -1 2 0

[TREE 78]
NB_NODES: 39
0 IN 1 20 0 0.5 0 -1
1 IN 2 13 47 0.5 1 -1
2 IN 3 8 2 0.5 2 -1
3 IN 4 7 107 0.5 3 -1
4 IN 5 6 87 0.5 4 -1
5 LN -1 -1 -1 -1 5 1
6 LN -1 -1 -1 -1 5 0
7 LN -1 -1 -1 -1 4 0
8 IN 9 12 5 0.5 3 -1
9 IN 10 11 82 0.5 4 -1
10 LN -1 -1 -1 -1 5 1
11 LN -1 -1 -1 -1 5 0
12 LN -1 -1 -1 -1 4 0
13 IN 14 19 28 0.5 2 -1
14 IN 15 16 74 0.5 3 -1
15 LN -1 -1 -1 -1 4 0
16 IN 17 18 14 0.5 4 -1
17 LN -1 -1 -1 -1 5 0
18 LN -1 -1 -1 -1 5 0
19 LN -1 -1 -1 -1 3 0
20 IN 21 32 24 0.5 1 -1
21 IN 22 27 3 0.5 2 -1
22 IN 23 24 25 0.5 3 -1
23 LN -1 -1 -1 -1 4 0
24 IN 25 26 49 0.5 4 -1
25 LN -1 -1 -1 -1 5 0
26 LN -1 -1 -1 -1 5 1
27 IN 28 31 103 0.5 3 -1
28 IN 29 30 25 0.5 4 -1
29 LN -1 -1 -1 -1 5 0
30 LN -1 -1 -1 -1 5 1
31 LN -1 -1 -1 -1 4 0
32 IN 33 38 64 0.5 2 -1
33 IN 34 35 34 0.5 3 -1
34 LN -1 -1 -1 -1 4 0
35 IN 36 37 62 0.5 4 -1
36 LN -1 -1 -1 -1 5 1
37 LN -1 -1 -1 -1 5 0
38 LN -1 -1 -1 -1 3 0

[TREE 79]
NB_NODES: 37
0 IN 1 22 58 0.5 0 -1
1 IN 2 9 22 0.5 1 -1
2 IN 3 8 65 0.5 2 -1
3 IN 4 5 10 0.5 3 -1
4 LN -1 -1 -1 -1 4 0
5 IN 6 7 0 0.5 4 -1
6 LN -1 -1 -1 -1 5 1
7 LN -1 -1 -1 -1 5 0
8 LN -1 -1 -1 -1 3 0
9 IN 10 17 30 0.5 2 -1
10 IN 11 14 35 0.5 3 -1
11 IN 12 13 98 0.5 4 -1
12 LN -1 -1 -1 -1 5 1
13 LN -1 -1 -1 -1 5 0
14 IN 15 16 48 0.5 4 -1
15 LN -1 -1 -1 -1 5 0
16 LN -1 -1 -1 -1 5 0
17 IN 18 21 85 0.5 3 -1
18 IN 19 20 59 0.5 4 -1
19 LN -1 -1 -1 -1 5 0
20 LN -1 -1 -1 -1 5 1
21 LN -1 -1 -1 -1 4 0
22 IN 23 30 3 0.5 1 -1
23 IN 24 29 82 0.5 2 -1
24 IN 25 26 11 0.5 3 -1
25 LN -1 -1 -1 -1 4 0
26 IN 27 28 48 0.5 4 -1
27 LN -1 -1 -1 -1 5 0
28 LN -1 -1 -1 -1 5 0
29 LN -1 -1 -1 -1 3 0
30 IN 31 36 103 0.5 2 -1
31 IN 32 33 25 0.5 3 -1
32 LN -1 -1 -1 -1 4 0
33 IN 34 35 8 0.5 4 -1
34 LN -1 -1 -1 -1 5 1
35 LN -1 -1 -1 -1 5 0
36 LN -1 -1 -1 -1 3 0

[TREE 80]
NB_NODES: 43
0 IN 1 24 1 0.5 0 -1
1 IN 2 15 0 0.5 1 -1
2 IN 3 10 35 0.5 2 -1
3 IN 4 7 14 0.5 3 -1
4 IN 5 6 97 0.5 4 -1
5 LN -1 -1 -1 -1 5 1
6 LN -1 -1 -1 -1 5 0
7 IN 8 9 26 0.5 4 -1
8 LN -1 -1 -1 -1 5 1
9 LN -1 -1 -1 -1 5 1
10 IN 11 12 31 0.5 3 -1
11 LN -1 -1 -1 -1 4 0
12 IN 13 14 103 0.5 4 -1
13 LN -1 -1 -1 -1 5 0
14 LN -1 -1 -1 -1 5 0
15 IN 16 21 24 0.5 2 -1
16 IN 17 20 38 0.5 3 -1
17 IN 18 19 83 0.5 4 -1
18 LN -1 -1 -1 -1 5 0
19 LN -1 -1 -1 -1 5 0
20 LN -1 -1 -1 -1 4 0
21 IN 22 23 19 0.5 3 -1
22 LN -1 -1 -1 -1 4 0
23 LN -1 -1 -1 -1 4 1
24 IN 25 32 2 0.5 1 -1
25 IN 26 31 4 0.5 2 -1
26 IN 27 30 73 0.5 3 -1
27 IN 28 29 7 0.5 4 -1
28 LN -1 -1 -1 -1 5 1
29 LN -1 -1 -1 -1 5 0
30 LN -1 -1 -1 -1 4 0
31 LN -1 -1 -1 -1 3 0
32 IN 33 38 68 0.5 2 -1
33 IN 34 37 40 0.5 3 -1
34 IN 35 36 3 0.5 4 -1
35 LN -1 -1 -1 -1 5 0
36 LN -1 -1 -1 -1 5 1
37 LN -1 -1 -1 -1 4 0
38 IN 39 40 57 0.5 3 -1
39 LN -1 -1 -1 -1 4 0
40 IN 41 42 95 0.5 4 -1
41 LN -1 -1 -1 -1 5 0
42 LN -1 -1 -1 -1 5 0

[TREE 81]
NB_NODES: 27
0 IN 1 18 58 0.5 0 -1
1 IN 2 9 10 0.5 1 -1
2 IN 3 8 53 0.5 2 -1
3 IN 4 5 87 0.5 3 -1
4 LN -1 -1 -1 -1 4 0
5 IN 6 7 37 0.5 4 -1
6 LN -1 -1 -1 -1 5 0
7 LN -1 -1 -1 -1 5 0
8 LN -1 -1 -1 -1 3 1
9 IN 10 11 75 0.5 2 -1
10 LN -1 -1 -1 -1 3 0
11 IN 12 15 48 0.5 3 -1
12 IN 13 14 83 0.5 4 -1
13 LN -1 -1 -1 -1 5 1
14 LN -1 -1 -1 -1 5 0
15 IN 16 17 85 0.5 4 -1
16 LN -1 -1 -1 -1 5 0
17 LN -1 -1 -1 -1 5 0
18 IN 19 20 79 0.5 1 -1
19 LN -1 -1 -1 -1 2 0
20 IN 21 22 95 0.5 2 -1
21 LN -1 -1 -1 -1 3 0
22 IN 23 24 11 0.5 3 -1
23 LN -1 -1 -1 -1 4 0
24 IN 25 26 82 0.5 4 -1
25 LN -1 -1 -1 -1 5 0
26 LN -1 -1 -1 -1 5 0

[TREE 82]
NB_NODES: 21
0 IN 1 18 20 0.5 0 -1
1 IN 2 11 61 0.5 1 -1
2 IN 3 10 42 0.5 2 -1
3 IN 4 7 35 0.5 3 -1
4 IN 5 6 14 0.5 4 -1
5 LN -1 -1 -1 -1 5 0
6 LN -1 -1 -1 -1 5 1
7 IN 8 9 58 0.5 4 -1
8 LN -1 -1 -1 -1 5 0
9 LN -1 -1 -1 -1 5 0
10 LN -1 -1 -1 -1 3 0
11 IN 12 17 27 0.5 2 -1
12 IN 13 16 15 0.5 3 -1
13 IN 14 15 80 0.5 4 -1
14 LN -1 -1 -1 -1 5 0
15 LN -1 -1 -1 -1 5 0
16 LN -1 -1 -1 -1 4 0
17 LN -1 -1 -1 -1 3 0
18 IN 19 20 54 0.5 1 -1
19 LN -1 -1 -1 -1 2 1
20 LN -1 -1 -1 -1 2 0

[TREE 83]
NB_NODES: 35
0 IN 1 14 35 0.5 0 -1
1 IN 2 3 80 0.5 1 -1
2 LN -1 -1 -1 -1 2 0
3 IN 4 9 42 0.5 2 -1
4 IN 5 8 25 0.5 3 -1
5 IN 6 7 4 0.5 4 -1
6 LN -1 -1 -1 -1 5 1
7 LN -1 -1 -1 -1 5 0
8 LN -1 -1 -1 -1 4 1
9 IN 10 13 18 0.5 3 -1
10 IN 11 12 56 0.5 4 -1
11 LN -1 -1 -1 -1 5 1
12 LN -1 -1 -1 -1 5 0
13 LN -1 -1 -1 -1 4 0
14 IN 15 28 42 0.5 1 -1
15 IN 16 21 99 0.5 2 -1
16 IN 17 20 101 0.5 3 -1
17 IN 18 19 103 0.5 4 -1
18 LN -1 -1 -1 -1 5 0
19 LN -1 -1 -1 -1 5 0
20 LN -1 -1 -1 -1 4 0
21 IN 22 25 15 0.5 3 -1
22 IN 23 24 93 0.5 4 -1
23 LN -1 -1 -1 -1 5 0
24 LN -1 -1 -1 -1 5 0
25 IN 26 27 27 0.5 4 -1
26 LN -1 -1 -1 -1 5 0
27 LN -1 -1 -1 -1 5 0
28 IN 29 34 47 0.5 2 -1
29 IN 30 33 15 0.5 3 -1
30 IN 31 32 7 0.5 4 -1
31 LN -1 -1 -1 -1 5 0
32 LN -1 -1 -1 -1 5 0
33 LN -1 -1 -1 -1 4 0
34 LN -1 -1 -1 -1 3 0

[TREE 84]
NB_NODES: 37
0 IN 1 20 79 0.5 0 -1
1 IN 2 15 84 0.5 1 -1
2 IN 3 10 43 0.5 2 -1
3 IN 4 7 87 0.5 3 -1
4 IN 5 6 98 0.5 4 -1
5 LN -1 -1 -1 -1 5 0
6 LN -1 -1 -1 -1 5 0
7 IN 8 9 62 0.5 4 -1
8 LN -1 -1 -1 -1 5 0
9 LN -1 -1 -1 -1 5 0
10 IN 11 14 2 0.5 3 -1
11 IN 12 13 26 0.5 4 -1
12 LN -1 -1 -1 -1 5 0
13 LN -1 -1 -1 -1 5 0
14 LN -1 -1 -1 -1 4 0
15 IN 16 17 32 0.5 2 -1
16 LN -1 -1 -1 -1 3 0
17 IN 18 19 67 0.5 3 -1
18 LN -1 -1 -1 -1 4 1
19 LN -1 -1 -1 -1 4 0
20 IN 21 32 76 0.5 1 -1
21 IN 22 27 45 0.5 2 -1
22 IN 23 26 2 0.5 3 -1
23 IN 24 25 98 0.5 4 -1
24 LN -1 -1 -1 -1 5 0
25 LN -1 -1 -1 -1 5 1
26 LN -1 -1 -1 -1 4 0
27 IN 28 29 68 0.5 3 -1
28 LN -1 -1 -1 -1 4 0
29 IN 30 31 95 0.5 4 -1
30 LN -1 -1 -1 -1 5 0
31 LN -1 -1 -1 -1 5 0
32 IN 33 34 1 0.5 2 -1
33 LN -1 -1 -1 -1 3 0
34 IN 35 36 47 0.5 3 -1
35 LN -1 -1 -1 -1 4 0
36 LN -1 -1 -1 -1 4 1

[TREE 85]
NB_NODES: 21
0 IN 1 6 50 0.5 0 -1
1 IN 2 5 76 0.5 1 -1
2 IN 3 4 80 0.5 2 -1
3 LN -1 -1 -1 -1 3 0
4 LN -1 -1 -1 -1 3 1
5 LN -1 -1 -1 -1 2 0
6 IN 7 16 20 0.5 1 -1
7 IN 8 9 45 0.5 2 -1
8 LN -1 -1 -1 -1 3 0
9 IN 10 13 25 0.5 3 -1
10 IN 11 12 7 0.5 4 -1
11 LN -1 -1 -1 -1 5 0
12 LN -1 -1 -1 -1 5 0
13 IN 14 15 24 0.5 4 -1
14 LN -1 -1 -1 -1 5 0
15 LN -1 -1 -1 -1 5 1
16 IN 17 18 1 0.5 2 -1
17 LN -1 -1 -1 -1 3 0
18 IN 19 20 10 0.5 3 -1
19 LN -1 -1 -1 -1 4 0
20 LN -1 -1 -1 -1 4 1

[TREE 86]
NB_NODES: 31
0 IN 1 16 58 0.5 0 -1
1 IN 2 15 29 0.5 1 -1
2 IN 3 10 62 0.5 2 -1
3 IN 4 7 70 0.5 3 -1
4 IN 5 6 54 0.5 4 -1
5 LN -1 -1 -1 -1 5 0
6 LN -1 -1 -1 -1 5 0
7 IN 8 9 23 0.5 4 -1
8 LN -1 -1 -1 -1 5 0
9 LN -1 -1 -1 -1 5 0
10 IN 11 14 0 0.5 3 -1
11 IN 12 13 56 0.5 4 -1
12 LN -1 -1 -1 -1 5 0
13 LN -1 -1 -1 -1 5 0
14 LN -1 -1 -1 -1 4 0
15 LN -1 -1 -1 -1 2 1
16 IN 17 22 7 0.5 1 -1
17 IN 18 19 24 0.5 2 -1
18 LN -1 -1 -1 -1 3 0
19 IN 20 21 35 0.5 3 -1
20 LN -1 -1 -1 -1 4 0
21 LN -1 -1 -1 -1 4 1
22 IN 23 30 8 0.5 2 -1
23 IN 24 27 104 0.5 3 -1
24 IN 25 26 14 0.5 4 -1
25 LN -1 -1 -1 -1 5 0
26 LN -1 -1 -1 -1 5 0
27 IN 28 29 43 0.5 4 -1
28 LN -1 -1 -1 -1 5 0
29 LN -1 -1 -1 -1 5 0
30 LN -1 -1 -1 -1 3 0

[TREE 87]
NB_NODES: 33
0 IN 1 18 15 0.5 0 -1
1 IN 2 9 8 0.5 1 -1
2 IN 3 4 55 0.5 2 -1
3 LN -1 -1 -1 -1 3 0
4 IN 5 6 61 0.5 3 -1
5 LN -1 -1 -1 -1 4 0
6 IN 7 8 41 0.5 4 -1
7 LN -1 -1 -1 -1 5 0
8 LN -1 -1 -1 -1 5 1
9 IN 10 13 99 0.5 2 -1
10 IN 11 12 68 0.5 3 -1
11 LN -1 -1 -1 -1 4 1
12 LN -1 -1 -1 -1 4 0
13 IN 14 17 84 0.5 3 -1
14 IN 15 16 59 0.5 4 -1
15 LN -1 -1 -1 -1 5 0
16 LN -1 -1 -1 -1 5 0
17 LN -1 -1 -1 -1 4 0
18 IN 19 26 3 0.5 1 -1
19 IN 20 25 77 0.5 2 -1
20 IN 21 24 32 0.5 3 -1
21 IN 22 23 18 0.5 4 -1
22 LN -1 -1 -1 -1 5 0
23 LN -1 -1 -1 -1 5 0
24 LN -1 -1 -1 -1 4 1
25 LN -1 -1 -1 -1 3 0
26 IN 27 32 28 0.5 2 -1
27 IN 28 31 46 0.5 3 -1
28 IN 29 30 6 0.5 4 -1
29 LN -1 -1 -1 -1 5 0
30 LN -1 -1 -1 -1 5 0
31 LN -1 -1 -1 -1 4 1
32 LN -1 -1 -1 -1 3 0

[TREE 88]
NB_NODES: 35
0 IN 1 18 0 0.5 0 -1
1 IN 2 9 1 0.5 1 -1
2 IN 3 4 60 0.5 2 -1
3 LN -1 -1 -1 -1 3 0
4 IN 5 8 93 0.5 3 -1
5 IN 6 7 32 0.5 4 -1
6 LN -1 -1 -1 -1 5 0
7 LN -1 -1 -1 -1 5 1
8 LN -1 -1 -1 -1 4 0
9 IN 10 17 63 0.5 2 -1
10 IN 11 14 6 0.5 3 -1
11 IN 12 13 85 0.5 4 -1
12 LN -1 -1 -1 -1 5 1
13 LN -1 -1 -1 -1 5 0
14 IN 15 16 8 0.5 4 -1
15 LN -1 -1 -1 -1 5 0
16 LN -1 -1 -1 -1 5 0
17 LN -1 -1 -1 -1 3 0
18 IN 19 28 49 0.5 1 -1
19 IN 20 27 103 0.5 2 -1
20 IN 21 24 57 0.5 3 -1
21 IN 22 23 25 0.5 4 -1
22 LN -1 -1 -1 -1 5 0
23 LN -1 -1 -1 -1 5 0
24 IN 25 26 43 0.5 4 -1
25 LN -1 -1 -1 -1 5 0
26 LN -1 -1 -1 -1 5 0
27 LN -1 -1 -1 -1 3 0
28 IN 29 34 58 0.5 2 -1
29 IN 30 33 79 0.5 3 -1
30 IN 31 32 64 0.5 4 -1
31 LN -1 -1 -1 -1 5 1
32 LN -1 -1 -1 -1 5 0
33 LN -1 -1 -1 -1 4 0
34 LN -1 -1 -1 -1 3 0

[TREE 89]
NB_NODES: 37
0 IN 1 16 1 0.5 0 -1
1 IN 2 3 67 0.5 1 -1
2 LN -1 -1 -1 -1 2 0
3 IN 4 11 58 0.5 2 -1
4 IN 5 8 25 0.5 3 -1
5 IN 6 7 5 0.5 4 -1
6 LN -1 -1 -1 -1 5 0
7 LN -1 -1 -1 -1 5 0
8 IN 9 10 12 0.5 4 -1
9 LN -1 -1 -1 -1 5 0
10 LN -1 -1 -1 -1 5 0
11 IN 12 13 89 0.5 3 -1
12 LN -1 -1 -1 -1 4 0
13 IN 14 15 35 0.5 4 -1
14 LN -1 -1 -1 -1 5 0
15 LN -1 -1 -1 -1 5 0
16 IN 17 26 54 0.5 1 -1
17 IN 18 21 85 0.5 2 -1
18 IN 19 20 17 0.5 3 -1
19 LN -1 -1 -1 -1 4 1
20 LN -1 -1 -1 -1 4 0
21 IN 22 23 39 0.5 3 -1
22 LN -1 -1 -1 -1 4 0
23 IN 24 25 65 0.5 4 -1
24 LN -1 -1 -1 -1 5 1
25 LN -1 -1 -1 -1 5 0
26 IN 27 32 58 0.5 2 -1
27 IN 28 29 101 0.5 3 -1
28 LN -1 -1 -1 -1 4 0
29 IN 30 31 11 0.5 4 -1
30 LN -1 -1 -1 -1 5 1
31 LN -1 -1 -1 -1 5 0
32 IN 33 36 55 0.5 3 -1
33 IN 34 35 84 0.5 4 -1
34 LN -1 -1 -1 -1 5 0
35 LN -1 -1 -1 -1 5 0
36 LN -1 -1 -1 -1 4 0

[TREE 90]
NB_NODES: 39
0 IN 1 18 1 0.5 0 -1
1 IN 2 15 19 0.5 1 -1
2 IN 3 8 50 0.5 2 -1
3 IN 4 7 88 0.5 3 -1
4 IN 5 6 48 0.5 4 -1
5 LN -1 -1 -1 -1 5 1
6 LN -1 -1 -1 -1 5 0
7 LN -1 -1 -1 -1 4 0
8 IN 9 12 12 0.5 3 -1
9 IN 10 11 47 0.5 4 -1
10 LN -1 -1 -1 -1 5 0
11 LN -1 -1 -1 -1 5 0
12 IN 13 14 32 0.5 4 -1
13 LN -1 -1 -1 -1 5 0
14 LN -1 -1 -1 -1 5 0
15 IN 16 17 12 0.5 2 -1
16 LN -1 -1 -1 -1 3 0
17 LN -1 -1 -1 -1 3 1
18 IN 19 30 7 0.5 1 -1
19 IN 20 25 54 0.5 2 -1
20 IN 21 24 52 0.5 3 -1
21 IN 22 23 14 0.5 4 -1
22 LN -1 -1 -1 -1 5 1
23 LN -1 -1 -1 -1 5 0
24 LN -1 -1 -1 -1 4 0
25 IN 26 27 57 0.5 3 -1
26 LN -1 -1 -1 -1 4 0
27 IN 28 29 27 0.5 4 -1
28 LN -1 -1 -1 -1 5 0
29 LN -1 -1 -1 -1 5 0
30 IN 31 32 99 0.5 2 -1
31 LN -1 -1 -1 -1 3 1
32 IN 33 36 15 0.5 3 -1
33 IN 34 35 12 0.5 4 -1
34 LN -1 -1 -1 -1 5 1
35 LN -1 -1 -1 -1 5 0
36 IN 37 38 3 0.5 4 -1
37 LN -1 -1 -1 -1 5 0
38 LN -1 -1 -1 -1 5 1

[TREE 91]
NB_NODES: 27
0 IN 1 22 19 0.5 0 -1
1 IN 2 13 0 0.5 1 -1
2 IN 3 8 11 0.5 2 -1
3 IN 4 7 12 0.5 3 -1
4 IN 5 6 1 0.5 4 -1
5 LN -1 -1 -1 -1 5 0
6 LN -1 -1 -1 -1 5 0
7 LN -1 -1 -1 -1 4 0
8 IN 9 12 78 0.5 3 -1
9 IN 10 11 90 0.5 4 -1
10 LN -1 -1 -1 -1 5 0
11 LN -1 -1 -1 -1 5 0
12 LN -1 -1 -1 -1 4 1
13 IN 14 21 82 0.5 2 -1
14 IN 15 18 25 0.5 3 -1
15 IN 16 17 91 0.5 4 -1
16 LN -1 -1 -1 -1 5 0
17 LN -1 -1 -1 -1 5 0
18 IN 19 20 36 0.5 4 -1
19 LN -1 -1 -1 -1 5 0
20 LN -1 -1 -1 -1 5 0
21 LN -1 -1 -1 -1 3 0
22 IN 23 26 40 0.5 1 -1
23 IN 24 25 68 0.5 2 -1
24 LN -1 -1 -1 -1 3 1
25 LN -1 -1 -1 -1 3 0
26 LN -1 -1 -1 -1 2 0

[TREE 92]
NB_NODES: 37
0 IN 1 16 36 0.5 0 -1
1 IN 2 9 61 0.5 1 -1
2 IN 3 8 58 0.5 2 -1
3 IN 4 5 41 0.5 3 -1
4 LN -1 -1 -1 -1 4 0
5 IN 6 7 48 0.5 4 -1
6 LN -1 -1 -1 -1 5 0
7 LN -1 -1 -1 -1 5 0
8 LN -1 -1 -1 -1 3 0
9 IN 10 15 72 0.5 2 -1
10 IN 11 14 30 0.5 3 -1
11 IN 12 13 7 0.5 4 -1
12 LN -1 -1 -1 -1 5 0
13 LN -1 -1 -1 -1 5 0
14 LN -1 -1 -1 -1 4 0
15 LN -1 -1 -1 -1 3 0
16 IN 17 26 43 0.5 1 -1
17 IN 18 25 0 0.5 2 -1
18 IN 19 22 26 0.5 3 -1
19 IN 20 21 56 0.5 4 -1
20 LN -1 -1 -1 -1 5 0
21 LN -1 -1 -1 -1 5 0
22 IN 23 24 105 0.5 4 -1
23 LN -1 -1 -1 -1 5 0
24 LN -1 -1 -1 -1 5 1
25 LN -1 -1 -1 -1 3 0
26 IN 27 32 66 0.5 2 -1
27 IN 28 29 7 0.5 3 -1
28 LN -1 -1 -1 -1 4 0
29 IN 30 31 67 0.5 4 -1
30 LN -1 -1 -1 -1 5 0
31 LN -1 -1 -1 -1 5 1
32 IN 33 34 6 0.5 3 -1
33 LN -1 -1 -1 -1 4 0
34 IN 35 36 37 0.5 4 -1
35 LN -1 -1 -1 -1 5 0
36 LN -1 -1 -1 -1 5 0

[TREE 93]
NB_NODES: 39
0 IN 1 20 28 0.5 0 -1
1 IN 2 13 0 0.5 1 -1
2 IN 3 8 2 0.5 2 -1
3 IN 4 7 4 0.5 3 -1
4 IN 5 6 12 0.5 4 -1
5 LN -1 -1 -1 -1 5 0
6 LN -1 -1 -1 -1 5 0
7 LN -1 -1 -1 -1 4 0
8 IN 9 12 5 0.5 3 -1
9 IN 10 11 31 0.5 4 -1
10 LN -1 -1 -1 -1 5 1
11 LN -1 -1 -1 -1 5 0
12 LN -1 -1 -1 -1 4 0
13 IN 14 15 106 0.5 2 -1
14 LN -1 -1 -1 -1 3 0
15 IN 16 17 41 0.5 3 -1
16 LN -1 -1 -1 -1 4 0
17 IN 18 19 68 0.5 4 -1
18 LN -1 -1 -1 -1 5 0
19 LN -1 -1 -1 -1 5 0
20 IN 21 26 7 0.5 1 -1
21 IN 22 23 24 0.5 2 -1
22 LN -1 -1 -1 -1 3 0
23 IN 24 25 9 0.5 3 -1
24 LN -1 -1 -1 -1 4 0
25 LN -1 -1 -1 -1 4 1
26 IN 27 34 25 0.5 2 -1
27 IN 28 31 36 0.5 3 -1
28 IN 29 30 11 0.5 4 -1
29 LN -1 -1 -1 -1 5 0
30 LN -1 -1 -1 -1 5 0
31 IN 32 33 84 0.5 4 -1
32 LN -1 -1 -1 -1 5 0
33 LN -1 -1 -1 -1 5 0
34 IN 35 36 53 0.5 3 -1
35 LN -1 -1 -1 -1 4 0
36 IN 37 38 97 0.5 4 -1
37 LN -1 -1 -1 -1 5 0
38 LN -1 -1 -1 -1 5 1

[TREE 94]
NB_NODES: 37
0 IN 1 16 2 0.5 0 -1
1 IN 2 15 4 0.5 1 -1
2 IN 3 10 21 0.5 2 -1
3 IN 4 7 1 0.5 3 -1
4 IN 5 6 16 0.5 4 -1
5 LN -1 -1 -1 -1 5 0
6 LN -1 -1 -1 -1 5 1
7 IN 8 9 48 0.5 4 -1
8 LN -1 -1 -1 -1 5 1
9 LN -1 -1 -1 -1 5 1
10 IN 11 14 30 0.5 3 -1
11 IN 12 13 6 0.5 4 -1
12 LN -1 -1 -1 -1 5 0
13 LN -1 -1 -1 -1 5 1
14 LN -1 -1 -1 -1 4 0
15 LN -1 -1 -1 -1 2 0
16 IN 17 26 28 0.5 1 -1
17 IN 18 19 72 0.5 2 -1
18 LN -1 -1 -1 -1 3 0
19 IN 20 23 0 0.5 3 -1
20 IN 21 22 70 0.5 4 -1
21 LN -1 -1 -1 -1 5 0
22 LN -1 -1 -1 -1 5 1
23 IN 24 25 97 0.5 4 -1
24 LN -1 -1 -1 -1 5 0
25 LN -1 -1 -1 -1 5 0
26 IN 27 32 53 0.5 2 -1
27 IN 28 31 67 0.5 3 -1
28 IN 29 30 59 0.5 4 -1
29 LN -1 -1 -1 -1 5 0
30 LN -1 -1 -1 -1 5 0
31 LN -1 -1 -1 -1 4 0
32 IN 33 36 15 0.5 3 -1
33 IN 34 35 80 0.5 4 -1
34 LN -1 -1 -1 -1 5 0
35 LN -1 -1 -1 -1 5 0
36 LN -1 -1 -1 -1 4 0

[TREE 95]
NB_NODES: 37
0 IN 1 20 16 0.5 0 -1
1 IN 2 7 50 0.5 1 -1
2 IN 3 4 48 0.5 2 -1
3 LN -1 -1 -1 -1 3 0
4 IN 5 6 103 0.5 3 -1
5 LN -1 -1 -1 -1 4 1
6 LN -1 -1 -1 -1 4 0
7 IN 8 15 32 0.5 2 -1
8 IN 9 12 29 0.5 3 -1
9 IN 10 11 1 0.5 4 -1
10 LN -1 -1 -1 -1 5 0
11 LN -1 -1 -1 -1 5 0
12 IN 13 14 24 0.5 4 -1
13 LN -1 -1 -1 -1 5 0
14 LN -1 -1 -1 -1 5 0
15 IN 16 19 5 0.5 3 -1
16 IN 17 18 57 0.5 4 -1
17 LN -1 -1 -1 -1 5 0
18 LN -1 -1 -1 -1 5 1
19 LN -1 -1 -1 -1 4 0
20 IN 21 28 92 0.5 1 -1
21 IN 22 23 31 0.5 2 -1
22 LN -1 -1 -1 -1 3 0
23 IN 24 27 50 0.5 3 -1
24 IN 25 26 22 0.5 4 -1
25 LN -1 -1 -1 -1 5 1
26 LN -1 -1 -1 -1 5 0
27 LN -1 -1 -1 -1 4 0
28 IN 29 34 1 0.5 2 -1
29 IN 30 31 11 0.5 3 -1
30 LN -1 -1 -1 -1 4 0
31 IN 32 33 108 0.5 4 -1
32 LN -1 -1 -1 -1 5 0
33 LN -1 -1 -1 -1 5 1
34 IN 35 36 55 0.5 3 -1
35 LN -1 -1 -1 -1 4 1
36 LN -1 -1 -1 -1 4 0

[TREE 96]
NB_NODES: 39
0 IN 1 26 0 0.5 0 -1
1 IN 2 11 70 0.5 1 -1
2 IN 3 10 76 0.5 2 -1
3 IN 4 7 10 0.5 3 -1
4 IN 5 6 97 0.5 4 -1
5 LN -1 -1 -1 -1 5 0
6 LN -1 -1 -1 -1 5 0
7 IN 8 9 56 0.5 4 -1
8 LN -1 -1 -1 -1 5 0
9 LN -1 -1 -1 -1 5 0
10 LN -1 -1 -1 -1 3 0
11 IN 12 19 1 0.5 2 -1
12 IN 13 16 77 0.5 3 -1
13 IN 14 15 34 0.5 4 -1
14 LN -1 -1 -1 -1 5 1
15 LN -1 -1 -1 -1 5 0
16 IN 17 18 2 0.5 4 -1
17 LN -1 -1 -1 -1 5 0
18 LN -1 -1 -1 -1 5 0
19 IN 20 23 101 0.5 3 -1
20 IN 21 22 5 0.5 4 -1
21 LN -1 -1 -1 -1 5 1
22 LN -1 -1 -1 -1 5 0
23 IN 24 25 54 0.5 4 -1
24 LN -1 -1 -1 -1 5 0
25 LN -1 -1 -1 -1 5 0
26 IN 27 38 40 0.5 1 -1
27 IN 28 33 86 0.5 2 -1
28 IN 29 32 59 0.5 3 -1
29 IN 30 31 106 0.5 4 -1
30 LN -1 -1 -1 -1 5 0
31 LN -1 -1 -1 -1 5 0
32 LN -1 -1 -1 -1 4 0
33 IN 34 37 62 0.5 3 -1
34 IN 35 36 42 0.5 4 -1
35 LN -1 -1 -1 -1 5 0
36 LN -1 -1 -1 -1 5 0
37 LN -1 -1 -1 -1 4 0
38 LN -1 -1 -1 -1 2 0

[TREE 97]
NB_NODES: 39
0 IN 1 26 51 0.5 0 -1
1 IN 2 13 1 0.5 1 -1
2 IN 3 8 38 0.5 2 -1
3 IN 4 5 39 0.5 3 -1
4 LN -1 -1 -1 -1 4 0
5 IN 6 7 83 0.5 4 -1
6 LN -1 -1 -1 -1 5 0
7 LN -1 -1 -1 -1 5 0
8 IN 9 12 58 0.5 3 -1
9 IN 10 11 106 0.5 4 -1
10 LN -1 -1 -1 -1 5 0
11 LN -1 -1 -1 -1 5 0
12 LN -1 -1 -1 -1 4 0
13 IN 14 21 54 0.5 2 -1
14 IN 15 18 81 0.5 3 -1
15 IN 16 17 8 0.5 4 -1
16 LN -1 -1 -1 -1 5 0
17 LN -1 -1 -1 -1 5 1
18 IN 19 20 65 0.5 4 -1
19 LN -1 -1 -1 -1 5 1
20 LN -1 -1 -1 -1 5 0
21 IN 22 25 25 0.5 3 -1
22 IN 23 24 102 0.5 4 -1
23 LN -1 -1 -1 -1 5 0
24 LN -1 -1 -1 -1 5 0
25 LN -1 -1 -1 -1 4 1
26 IN 27 34 11 0.5 1 -1
27 IN 28 29 26 0.5 2 -1
28 LN -1 -1 -1 -1 3 0
29 IN 30 33 81 0.5 3 -1
30 IN 31 32 0 0.5 4 -1
31 LN -1 -1 -1 -1 5 1
32 LN -1 -1 -1 -1 5 0
33 LN -1 -1 -1 -1 4 0
34 IN 35 36 87 0.5 2 -1
35 LN -1 -1 -1 -1 3 0
36 IN 37 38 33 0.5 3 -1
37 LN -1 -1 -1 -1 4 0
38 LN -1 -1 -1 -1 4 1

[TREE 98]
NB_NODES: 29
0 IN 1 12 54 0.5 0 -1
1 IN 2 11 73 0.5 1 -1
2 IN 3 8 1 0.5 2 -1
3 IN 4 7 92 0.5 3 -1
4 IN 5 6 90 0.5 4 -1
5 LN -1 -1 -1 -1 5 0
6 LN -1 -1 -1 -1 5 0
7 LN -1 -1 -1 -1 4 0
8 IN 9 10 57 0.5 3 -1
9 LN -1 -1 -1 -1 4 1
10 LN -1 -1 -1 -1 4 0
11 LN -1 -1 -1 -1 2 0
12 IN 13 22 35 0.5 1 -1
13 IN 14 19 11 0.5 2 -1
14 IN 15 18 0 0.5 3 -1
15 IN 16 17 4 0.5 4 -1
16 LN -1 -1 -1 -1 5 1
17 LN -1 -1 -1 -1 5 0
18 LN -1 -1 -1 -1 4 0
19 IN 20 21 8 0.5 3 -1
20 LN -1 -1 -1 -1 4 1
21 LN -1 -1 -1 -1 4 0
22 IN 23 24 90 0.5 2 -1
23 LN -1 -1 -1 -1 3 0
24 IN 25 28 62 0.5 3 -1
25 IN 26 27 2 0.5 4 -1
26 LN -1 -1 -1 -1 5 1
27 LN -1 -1 -1 -1 5 0
28 LN -1 -1 -1 -1 4 0

[TREE 99]
NB_NODES: 39
0 IN 1 24 10 0.5 0 -1
1 IN 2 13 16 0.5 1 -1
2 IN 3 6 92 0.5 2 -1
3 IN 4 5 90 0.5 3 -1
4 LN -1 -1 -1 -1 4 0
5 LN -1 -1 -1 -1 4 1
6 IN 7 10 9 0.5 3 -1
7 IN 8 9 33 0.5 4 -1
8 LN -1 -1 -1 -1 5 0
9 LN -1 -1 -1 -1 5 0
10 IN 11 12 85 0.5 4 -1
11 LN -1 -1 -1 -1 5 1
12 LN -1 -1 -1 -1 5 0
13 IN 14 19 87 0.5 2 -1
14 IN 15 16 72 0.5 3 -1
15 LN -1 -1 -1 -1 4 0
16 IN 17 18 83 0.5 4 -1
17 LN -1 -1 -1 -1 5 0
18 LN -1 -1 -1 -1 5 1
19 IN 20 23 51 0.5 3 -1
20 IN 21 22 23 0.5 4 -1
21 LN -1 -1 -1 -1 5 0
22 LN -1 -1 -1 -1 5 1
23 LN -1 -1 -1 -1 4 0
24 IN 25 38 34 0.5 1 -1
25 IN 26 33 84 0.5 2 -1
26 IN 27 30 35 0.5 3 -1
27 IN 28 29 37 0.5 4 -1
28 LN -1 -1 -1 -1 5 0
29 LN -1 -1 -1 -1 5 0
30 IN 31 32 40 0.5 4 -1
31 LN -1 -1 -1 -1 5 0
32 LN -1 -1 -1 -1 5 0
33 IN 34 37 67 0.5 3 -1
34 IN 35 36 48 0.5 4 -1
35 LN -1 -1 -1 -1 5 0
36 LN -1 -1 -1 -1 5 0
37 LN -1 -1 -1 -1 4 0
38 LN -1 -1 -1 -1 2 0
